Timestamp,pcr1,pcr2,pcr3,pcr4,pcr5,pcr6,pcr7,pcr8,pcr9,pcr10,pcr11,pcr12,pcr13,pcr14,pcr15,pcr16,pcr17,pcr18,pcr19,pcr20,pcr21,pcr22,pcr23,pcr24,pcr25,pcr26,pcr27,pcr28,pcr29,pcr30,difference1,difference2,difference3,difference4,difference5,difference6,difference7,difference8,difference9,difference10,difference11,difference12,difference13,difference14,difference15,difference16,difference17,difference18,difference19,difference20,difference21,difference22,difference23,difference24,difference25,difference26,difference27,difference28,difference29,difference30,s1,s2,s3,r1,r2,r3,Price,VWAP
2024-08-01 10:40:36,1.6367276417190029,1.5786533054574292,2.113128390596745,1.8204135780519162,1.9683697332434897,1.8604845345854106,1.8701711181946858,1.6464212822858753,1.4929154795821462,1.2776130233145093,1.3342987174182872,1.1498600584924055,1.1259500880835143,1.011430062340748,1.037491003587577,1.002841100913619,1.047235301685321,1.0230727603679834,1.0519981189564127,0.9706582863214577,1.0633323932186394,1.0237200058504186,1.0342654824771964,0.9983294587199375,1.0153258438055135,1.0006144045530612,1.0130912264539746,1.009177921598227,1.0230688093815297,1.0068145445108116,23217.0,32106.0,61556.0,59987.0,73293.0,71107.0,75617.0,64295.0,51904.0,35198.0,45248.0,23827.0,20233.0,2059.0,6824.0,547.0,9179.0,4690.0,10615.0,-6517.0,14147.0,5514.0,7994.0,-406.0,3727.0,152.0,3240.0,2286.0,5752.0,1733.0,25000,25050,24500,25050,25100,25200,25024.15,25024.86746626396
2024-08-01 10:41:08,1.6367276417190029,1.5786533054574292,2.113128390596745,1.8204135780519162,1.9683697332434897,1.8604845345854106,1.8701711181946858,1.6464378355552876,1.4929296574516377,1.277623100160111,1.3343085754815258,1.149867290589582,1.1259570971476949,1.0114356770920072,1.037496703586498,1.002846309666026,1.0472406908050473,1.0230777934658015,1.052003272248103,0.9706626565693858,1.063337153499033,1.0237244096859257,1.0342699157718769,0.9983335664968688,1.0153300189569172,1.0006184491881338,1.0130953198676327,1.0091819733012144,1.0230729124889708,1.0068185035468802,23217.0,32106.0,61556.0,59987.0,73293.0,71107.0,75617.0,64296.0,51905.0,35199.0,45249.0,23828.0,20234.0,2060.0,6825.0,548.0,9180.0,4691.0,10616.0,-6516.0,14148.0,5515.0,7995.0,-405.0,3728.0,153.0,3241.0,2287.0,5753.0,1734.0,25000,25050,24500,25050,25100,25200,25024.35,25026.317192915605
2024-08-01 10:41:39,1.601059396090452,1.545864955654693,2.0639218398141743,1.7701333546914422,1.9056370497250377,1.7912738614511514,1.798374255330995,1.58773703801401,1.438095502139418,1.2382182401381736,1.293841642228739,1.1182684699831866,1.0934569133979821,0.9874956067129427,1.0174263754660984,0.984813408648949,1.0330774406655248,1.0092048007250791,1.0388011592289284,0.9575911562806454,1.0651918619852254,1.023107217659879,1.0335541773384416,0.998117449978247,1.0153019763359772,0.9972458807609648,1.0095166481664937,1.0058916567813365,1.0236525586080225,1.007284401466949,22354.0,30712.0,60002.0,57693.0,70320.0,67483.0,71698.0,60159.0,47405.0,30895.0,40581.0,19133.0,15256.0,-2277.0,3206.0,-2952.0,6489.0,1889.0,7993.0,-9514.0,14711.0,5439.0,7926.0,-463.0,3766.0,-692.0,2392.0,1490.0,5988.0,1881.0,25000,25050,24500,25050,25100,25500,25024.15,25027.43376693335
2024-08-01 10:42:10,1.601059396090452,1.545864955654693,2.0639218398141743,1.7701333546914422,1.9056370497250377,1.7912738614511514,1.798374255330995,1.58773703801401,1.438095502139418,1.2382182401381736,1.293841642228739,1.1182684699831866,1.0934569133979821,0.9874956067129427,1.0174263754660984,0.984813408648949,1.0330774406655248,1.0092048007250791,1.0388011592289284,0.9575911562806454,1.0651918619852254,1.023107217659879,1.0335541773384416,0.998117449978247,1.0153019763359772,0.9972458807609648,1.0095166481664937,1.0058916567813365,1.0236525586080225,1.007284401466949,22354.0,30712.0,60002.0,57693.0,70320.0,67483.0,71698.0,60159.0,47405.0,30895.0,40581.0,19133.0,15256.0,-2277.0,3206.0,-2952.0,6489.0,1889.0,7993.0,-9514.0,14711.0,5439.0,7926.0,-463.0,3766.0,-692.0,2392.0,1490.0,5988.0,1881.0,25000,25050,24500,25050,25100,25500,25023.6,25028.288969171208
2024-08-01 10:42:42,1.601059396090452,1.545864955654693,2.0639218398141743,1.7701333546914422,1.905817352891934,1.7914380188546504,1.7985301486554202,1.5878427886165358,1.4381983014351856,1.239918577574907,1.2954375954875568,1.1195094512232813,1.094687061619794,0.9886489692363453,1.0185676392572944,0.9858939007325705,1.034158102927983,1.010237843474532,1.039830290438303,0.9586921636801283,1.0662864435847326,1.0242627909644364,1.0347056706813709,0.9991054837909596,1.0162893316863866,0.9982130064475045,1.0104834314041433,1.0068525108738633,1.0245759833158223,1.0081903094891416,22354.0,30712.0,60002.0,57693.0,70334.0,67497.0,71712.0,60171.0,47417.0,31116.0,40802.0,19334.0,15457.0,-2067.0,3416.0,-2742.0,6701.0,2101.0,8205.0,-9267.0,14958.0,5711.0,8198.0,-220.0,4009.0,-449.0,2635.0,1733.0,6222.0,2115.0,25000,25050,24500,25050,25100,25500,25024.6,25028.629182979046
2024-08-01 10:43:13,1.601059396090452,1.545864955654693,2.0639218398141743,1.7701333546914422,1.905817352891934,1.7914380188546504,1.7985301486554202,1.5878427886165358,1.4381983014351856,1.239918577574907,1.2954375954875568,1.1195094512232813,1.094687061619794,0.9886489692363453,1.0185676392572944,0.9858939007325705,1.034158102927983,1.010237843474532,1.039830290438303,0.9586921636801283,1.0662864435847326,1.0242627909644364,1.0347056706813709,0.9991054837909596,1.0162893316863866,0.9982130064475045,1.0104834314041433,1.0068525108738633,1.0245759833158223,1.0081903094891416,22354.0,30712.0,60002.0,57693.0,70334.0,67497.0,71712.0,60171.0,47417.0,31116.0,40802.0,19334.0,15457.0,-2067.0,3416.0,-2742.0,6701.0,2101.0,8205.0,-9267.0,14958.0,5711.0,8198.0,-220.0,4009.0,-449.0,2635.0,1733.0,6222.0,2115.0,25000,25050,24500,25050,25100,25500,25022.75,25030.32057644265
2024-08-01 10:43:44,1.601059396090452,1.545864955654693,2.0639218398141743,1.7701333546914422,1.905817352891934,1.7914380188546504,1.7985301486554202,1.5878427886165358,1.4381983014351856,1.239918577574907,1.2954375954875568,1.1195094512232813,1.094687061619794,0.9886489692363453,1.0185676392572944,0.9858939007325705,1.034158102927983,1.010237843474532,1.039830290438303,0.9586921636801283,1.0662864435847326,1.0242627909644364,1.0347056706813709,0.9991054837909596,1.0162893316863866,0.9982130064475045,1.0104834314041433,1.0068525108738633,1.0245759833158223,1.0081903094891416,22354.0,30712.0,60002.0,57693.0,70334.0,67497.0,71712.0,60171.0,47417.0,31116.0,40802.0,19334.0,15457.0,-2067.0,3416.0,-2742.0,6701.0,2101.0,8205.0,-9267.0,14958.0,5711.0,8198.0,-220.0,4009.0,-449.0,2635.0,1733.0,6222.0,2115.0,25000,25050,24500,25050,25100,25500,25024.2,25030.320465208395
2024-08-01 10:44:16,1.601059396090452,1.545864955654693,2.0639218398141743,1.7701333546914422,1.905817352891934,1.7914380188546504,1.7985301486554202,1.5878427886165358,1.4381983014351856,1.239918577574907,1.2954375954875568,1.1195094512232813,1.094687061619794,0.9886489692363453,1.0185676392572944,0.9858939007325705,1.034158102927983,1.010237843474532,1.039830290438303,0.9586921636801283,1.0662864435847326,1.0242627909644364,1.0347056706813709,0.9991054837909596,1.0162893316863866,0.9982130064475045,1.0104834314041433,1.0068525108738633,1.0245759833158223,1.0081903094891416,22354.0,30712.0,60002.0,57693.0,70334.0,67497.0,71712.0,60171.0,47417.0,31116.0,40802.0,19334.0,15457.0,-2067.0,3416.0,-2742.0,6701.0,2101.0,8205.0,-9267.0,14958.0,5711.0,8198.0,-220.0,4009.0,-449.0,2635.0,1733.0,6222.0,2115.0,25000,25050,24500,25050,25100,25500,25023.7,25031.895062831267
2024-08-01 10:44:47,1.601059396090452,1.545864955654693,2.0639218398141743,1.7701333546914422,1.905817352891934,1.7914380188546504,1.7985301486554202,1.5878427886165358,1.4381983014351856,1.239918577574907,1.2954375954875568,1.1195094512232813,1.094687061619794,0.9886489692363453,1.0185676392572944,0.9858939007325705,1.034158102927983,1.010237843474532,1.039830290438303,0.9586921636801283,1.0662864435847326,1.0242627909644364,1.0347056706813709,0.9991054837909596,1.0162893316863866,0.9982130064475045,1.0104834314041433,1.0068525108738633,1.0245759833158223,1.0081903094891416,22354.0,30712.0,60002.0,57693.0,70334.0,67497.0,71712.0,60171.0,47417.0,31116.0,40802.0,19334.0,15457.0,-2067.0,3416.0,-2742.0,6701.0,2101.0,8205.0,-9267.0,14958.0,5711.0,8198.0,-220.0,4009.0,-449.0,2635.0,1733.0,6222.0,2115.0,25000,25050,24500,25050,25100,25500,25023.3,25033.23107375832
2024-08-01 10:45:18,1.5332840047967748,1.5241072669167708,2.0297315517450003,1.7411959440085498,1.874208213174829,1.7637657864523537,1.7720589839233907,1.5648711002192206,1.4181348792970696,1.2206256367684238,1.2732304417243214,1.1036824236092975,1.0794042573685225,0.9749017448389047,1.0041997948191843,0.9726753278302722,1.0203593355001805,0.9974041677262716,1.0263013227146482,0.943514571095918,1.047413080370741,1.0068842001553016,1.0170446981295347,0.9827226345083488,0.9997882405587253,0.9819552932705101,0.9939291050906331,0.9904586756455168,1.0079038027583689,0.9919218156680975,20901.0,30176.0,59571.0,56869.0,69420.0,66524.0,70787.0,59007.0,46160.0,29234.0,38505.0,17071.0,13190.0,-4649.0,786.0,-5399.0,4059.0,-541.0,5502.0,-12905.0,10896.0,1649.0,4097.0,-4321.0,-53.0,-4611.0,-1552.0,-2454.0,2035.0,-2121.0,25000,25050,24500,25050,25100,25500,25023.3,25034.719112470455
2024-08-01 10:45:48,1.5332840047967748,1.5241072669167708,2.0297315517450003,1.7411959440085498,1.874208213174829,1.7637657864523537,1.7720589839233907,1.5648711002192206,1.4181348792970696,1.2206256367684238,1.2732304417243214,1.1036824236092975,1.0794042573685225,0.9749017448389047,1.0041997948191843,0.9726753278302722,1.0203593355001805,0.9974041677262716,1.0263013227146482,0.943514571095918,1.047413080370741,1.0068842001553016,1.0170446981295347,0.9827226345083488,0.9997882405587253,0.9819552932705101,0.9939291050906331,0.9904586756455168,1.0079038027583689,0.9919218156680975,20901.0,30176.0,59571.0,56869.0,69420.0,66524.0,70787.0,59007.0,46160.0,29234.0,38505.0,17071.0,13190.0,-4649.0,786.0,-5399.0,4059.0,-541.0,5502.0,-12905.0,10896.0,1649.0,4097.0,-4321.0,-53.0,-4611.0,-1552.0,-2454.0,2035.0,-2121.0,25000,25050,24500,25050,25100,25500,25018.6,25037.12566004119
2024-08-01 10:46:20,1.5332840047967748,1.5241072669167708,2.0297315517450003,1.7411959440085498,1.874208213174829,1.7637657864523537,1.7720589839233907,1.5648711002192206,1.4181348792970696,1.2206256367684238,1.2732304417243214,1.1036824236092975,1.0794042573685225,0.9749017448389047,1.0041997948191843,0.9726753278302722,1.0203593355001805,0.9974041677262716,1.0263013227146482,0.943514571095918,1.047413080370741,1.0068842001553016,1.0170446981295347,0.9827226345083488,0.9997882405587253,0.9819552932705101,0.9939291050906331,0.9904586756455168,1.0079038027583689,0.9919218156680975,20901.0,30176.0,59571.0,56869.0,69420.0,66524.0,70787.0,59007.0,46160.0,29234.0,38505.0,17071.0,13190.0,-4649.0,786.0,-5399.0,4059.0,-541.0,5502.0,-12905.0,10896.0,1649.0,4097.0,-4321.0,-53.0,-4611.0,-1552.0,-2454.0,2035.0,-2121.0,25000,25050,24500,25050,25100,25500,25018.6,25037.12566004119
2024-08-01 10:46:51,1.5332840047967748,1.5241072669167708,2.0297315517450003,1.7411959440085498,1.874208213174829,1.7637657864523537,1.7720589839233907,1.5648711002192206,1.4181348792970696,1.2206256367684238,1.2732304417243214,1.1036824236092975,1.0794042573685225,0.9749017448389047,1.0041997948191843,0.9726753278302722,1.0203593355001805,0.9974041677262716,1.0263013227146482,0.943514571095918,1.047413080370741,1.0068842001553016,1.0170446981295347,0.9827226345083488,0.9997882405587253,0.9819552932705101,0.9939291050906331,0.9904586756455168,1.0079038027583689,0.9919218156680975,20901.0,30176.0,59571.0,56869.0,69420.0,66524.0,70787.0,59007.0,46160.0,29234.0,38505.0,17071.0,13190.0,-4649.0,786.0,-5399.0,4059.0,-541.0,5502.0,-12905.0,10896.0,1649.0,4097.0,-4321.0,-53.0,-4611.0,-1552.0,-2454.0,2035.0,-2121.0,25000,25050,24500,25050,25100,25500,25016.15,25040.2395888143
2024-08-01 10:47:21,1.5075527207100299,1.5100112562676946,2.001708881105866,1.7212305014907803,1.8553364183019474,1.7443357305498568,1.7528188638799571,1.5493910307734333,1.405621164549736,1.2113229742910112,1.2664303378894346,1.0996930211881462,1.0757858022891085,0.972714593364078,1.0007087921969384,0.9687420202778821,1.01568687781009,0.9932268115666679,1.0217569262072066,0.9406096873509389,1.04378687514276,1.0037112583110257,1.0133549937946078,0.9802466882753641,0.997775989407208,0.9821705275830599,0.9940568846585329,0.9904168515267838,1.0083358704490888,0.9924669934875212,20530.0,29904.0,59204.0,56362.0,69130.0,66033.0,70238.0,58325.0,45475.0,28383.0,38030.0,16595.0,12733.0,-5106.0,134.0,-6243.0,3161.0,-1426.0,4598.0,-13696.0,10160.0,897.0,3239.0,-4979.0,-561.0,-4591.0,-1531.0,-2484.0,2163.0,-1993.0,25000,25050,24500,25050,25100,25500,25023.85,25041.75339414446
2024-08-01 10:47:52,1.5075527207100299,1.5100112562676946,2.001708881105866,1.7212305014907803,1.8553364183019474,1.7443357305498568,1.7528188638799571,1.5493910307734333,1.405621164549736,1.2113229742910112,1.2664303378894346,1.0996930211881462,1.0757858022891085,0.972714593364078,1.0007087921969384,0.9687420202778821,1.01568687781009,0.9932268115666679,1.0217569262072066,0.9406096873509389,1.04378687514276,1.0037112583110257,1.0133549937946078,0.9802466882753641,0.997775989407208,0.9821705275830599,0.9940568846585329,0.9904168515267838,1.0083358704490888,0.9924669934875212,20530.0,29904.0,59204.0,56362.0,69130.0,66033.0,70238.0,58325.0,45475.0,28383.0,38030.0,16595.0,12733.0,-5106.0,134.0,-6243.0,3161.0,-1426.0,4598.0,-13696.0,10160.0,897.0,3239.0,-4979.0,-561.0,-4591.0,-1531.0,-2484.0,2163.0,-1993.0,25000,25050,24500,25050,25100,25500,25018.55,25041.75339414446
2024-08-01 10:48:23,1.5075527207100299,1.5100112562676946,2.001708881105866,1.7212305014907803,1.8553364183019474,1.7443357305498568,1.7528188638799571,1.5493910307734333,1.405621164549736,1.2113229742910112,1.2664303378894346,1.0996930211881462,1.0757858022891085,0.972714593364078,1.0007087921969384,0.9687420202778821,1.01568687781009,0.9932268115666679,1.0217569262072066,0.9406096873509389,1.04378687514276,1.0037112583110257,1.0133549937946078,0.9802466882753641,0.997775989407208,0.9821705275830599,0.9940568846585329,0.9904168515267838,1.0083358704490888,0.9924669934875212,20530.0,29904.0,59204.0,56362.0,69130.0,66033.0,70238.0,58325.0,45475.0,28383.0,38030.0,16595.0,12733.0,-5106.0,134.0,-6243.0,3161.0,-1426.0,4598.0,-13696.0,10160.0,897.0,3239.0,-4979.0,-561.0,-4591.0,-1531.0,-2484.0,2163.0,-1993.0,25000,25050,24500,25050,25100,25500,25018.55,25041.83428581232
2024-08-01 10:48:55,1.5075527207100299,1.510347300481508,2.003489455407809,1.7227679657782502,1.8569358793372464,1.74612790054937,1.7557907391108345,1.5517452772354734,1.4094152360515022,1.2141018658748572,1.2691322322750915,1.1011713885195502,1.0776648081338143,0.9732384189257901,1.0009533090416067,0.9689403319514555,1.0158884726597044,0.9931686585470207,1.02207529565551,0.9386699112783452,1.0418214293399901,1.0008381918179265,1.0104723029190772,0.9774777271827361,0.9949435401549381,0.9794258781211966,0.9911911338025714,0.9876994744845906,1.0055648281325713,0.9897556210183275,20530.0,29889.0,59241.0,56433.0,69201.0,66142.0,70414.0,58501.0,45789.0,28698.0,38343.0,16816.0,13024.0,-5000.0,180.0,-6196.0,3198.0,-1437.0,4661.0,-14164.0,9717.0,203.0,2545.0,-5688.0,-1278.0,-5308.0,-2274.0,-3195.0,1447.0,-2716.0,25000,25050,24500,25050,25100,25500,25014.45,25042.41472533558
2024-08-01 10:49:26,1.5075527207100299,1.510347300481508,2.003489455407809,1.7227679657782502,1.8569358793372464,1.74612790054937,1.7557907391108345,1.5517452772354734,1.4094152360515022,1.2141018658748572,1.2691322322750915,1.1011713885195502,1.0776648081338143,0.9732384189257901,1.0009533090416067,0.9689403319514555,1.0158884726597044,0.9931686585470207,1.02207529565551,0.9386699112783452,1.0418214293399901,1.0008381918179265,1.0104723029190772,0.9774777271827361,0.9949435401549381,0.9794258781211966,0.9911911338025714,0.9876994744845906,1.0055648281325713,0.9897556210183275,20530.0,29889.0,59241.0,56433.0,69201.0,66142.0,70414.0,58501.0,45789.0,28698.0,38343.0,16816.0,13024.0,-5000.0,180.0,-6196.0,3198.0,-1437.0,4661.0,-14164.0,9717.0,203.0,2545.0,-5688.0,-1278.0,-5308.0,-2274.0,-3195.0,1447.0,-2716.0,25000,25050,24500,25050,25100,25500,25013.1,25042.371644759685
2024-08-01 10:49:57,1.5075527207100299,1.510347300481508,2.003489455407809,1.7227679657782502,1.8569358793372464,1.74612790054937,1.7557907391108345,1.5517452772354734,1.4094152360515022,1.2141018658748572,1.2691322322750915,1.1011713885195502,1.0776648081338143,0.9732384189257901,1.0009533090416067,0.9689403319514555,1.0158884726597044,0.9931686585470207,1.02207529565551,0.9386699112783452,1.0418214293399901,1.0008381918179265,1.0104723029190772,0.9774777271827361,0.9949435401549381,0.9794258781211966,0.9911911338025714,0.9876994744845906,1.0055648281325713,0.9897556210183275,20530.0,29889.0,59241.0,56433.0,69201.0,66142.0,70414.0,58501.0,45789.0,28698.0,38343.0,16816.0,13024.0,-5000.0,180.0,-6196.0,3198.0,-1437.0,4661.0,-14164.0,9717.0,203.0,2545.0,-5688.0,-1278.0,-5308.0,-2274.0,-3195.0,1447.0,-2716.0,25000,25050,24500,25050,25100,25500,25013.1,25043.623590262876
2024-08-01 10:50:28,1.5075527207100299,1.510347300481508,2.003489455407809,1.7227679657782502,1.8569358793372464,1.74612790054937,1.7557907391108345,1.5517452772354734,1.4094152360515022,1.2141018658748572,1.2691322322750915,1.1011713885195502,1.0776648081338143,0.9732384189257901,1.0009533090416067,0.9689403319514555,1.0158884726597044,0.9931686585470207,1.02207529565551,0.9386699112783452,1.0418214293399901,1.0008381918179265,1.0104723029190772,0.9774777271827361,0.9949435401549381,0.9794258781211966,0.9911911338025714,0.9876994744845906,1.0055648281325713,0.9897556210183275,20530.0,29889.0,59241.0,56433.0,69201.0,66142.0,70414.0,58501.0,45789.0,28698.0,38343.0,16816.0,13024.0,-5000.0,180.0,-6196.0,3198.0,-1437.0,4661.0,-14164.0,9717.0,203.0,2545.0,-5688.0,-1278.0,-5308.0,-2274.0,-3195.0,1447.0,-2716.0,25000,25050,24500,25050,25100,25500,25012.55,25044.372010548173
2024-08-01 10:50:59,1.4655234440580405,1.4553556746801724,1.9229957805907174,1.6663905442496476,1.7964442215615335,1.688371283791131,1.6993975091514315,1.5104179068936778,1.376782308007212,1.1863018878901592,1.249963991028622,1.0892061449843307,1.0653237511119436,0.9627154118395659,0.9891507396749905,0.9601257420905362,1.0064125453060266,0.9842111177704524,1.0128338503883745,0.9293785190331476,1.0315978592948216,0.992189725765358,1.0016919375322058,0.9695067404713447,0.9867325032202662,0.9715840849455702,0.9831164115207461,0.9794406083118737,0.9971582178345544,0.9817912469943647,19410.0,27692.0,56875.0,53899.0,66703.0,63304.0,67445.0,55731.0,43258.0,25618.0,36444.0,15115.0,11162.0,-7090.0,-2085.0,-8080.0,1311.0,-3372.0,2751.0,-16569.0,7457.0,-1919.0,417.0,-7806.0,-3399.0,-7429.0,-4417.0,-5413.0,-749.0,-4892.0,25000,25050,24500,25050,25100,25500,25011.7,25044.372010548173
2024-08-01 10:51:30,1.4655234440580405,1.4553556746801724,1.9229957805907174,1.6663905442496476,1.7964442215615335,1.688371283791131,1.6992938102101978,1.5103539863534368,1.3767431732067419,1.1862636723295323,1.249929694841316,1.0891669371735473,1.0652843130369642,0.9626778154663301,0.9891140887212176,0.9600953447858938,1.0063833221645577,0.9844636736528628,1.0130482041808369,0.9295757839238602,1.0317922381684823,0.9924381170992975,1.0019394077097543,0.9697455028418523,0.9870332638547351,0.9718790400930225,0.9835677072383886,0.9800030384746857,0.9976630018286252,0.9822875454535304,19410.0,27692.0,56875.0,53899.0,66703.0,63304.0,67435.0,55723.0,43252.0,25612.0,36438.0,15108.0,11155.0,-7097.0,-2092.0,-8086.0,1305.0,-3318.0,2797.0,-16523.0,7503.0,-1858.0,478.0,-7745.0,-3322.0,-7352.0,-4299.0,-5265.0,-616.0,-4759.0,25000,25050,24500,25050,25100,25500,25013.55,25044.895918624487
2024-08-01 10:52:01,1.4655234440580405,1.4553556746801724,1.9229957805907174,1.6663905442496476,1.7964442215615335,1.688371283791131,1.6993975091514315,1.5104179068936778,1.376782308007212,1.1863018878901592,1.249963991028622,1.0892061449843307,1.0653237511119436,0.9627154118395659,0.9891507396749905,0.9601257420905362,1.0064125453060266,0.9842111177704524,1.0128338503883745,0.9293785190331476,1.0315978592948216,0.992189725765358,1.0016919375322058,0.9695067404713447,0.9867325032202662,0.9715840849455702,0.9831164115207461,0.9794406083118737,0.9971582178345544,0.9817912469943647,19410.0,27692.0,56875.0,53899.0,66703.0,63304.0,67445.0,55731.0,43258.0,25618.0,36444.0,15115.0,11162.0,-7090.0,-2085.0,-8080.0,1311.0,-3372.0,2751.0,-16569.0,7457.0,-1919.0,417.0,-7806.0,-3399.0,-7429.0,-4417.0,-5413.0,-749.0,-4892.0,25000,25050,24500,25050,25100,25500,25013.55,25046.541957722406
2024-08-01 10:52:32,1.4655234440580405,1.4553556746801724,1.9229957805907174,1.6663905442496476,1.7964442215615335,1.688371283791131,1.6992938102101978,1.5103539863534368,1.3767431732067419,1.1862636723295323,1.249929694841316,1.0891669371735473,1.0652843130369642,0.9626778154663301,0.9891140887212176,0.9600953447858938,1.0063833221645577,0.9844636736528628,1.0130482041808369,0.9295757839238602,1.0317922381684823,0.9924381170992975,1.0019394077097543,0.9697455028418523,0.9870332638547351,0.9718790400930225,0.9835677072383886,0.9800030384746857,0.9976630018286252,0.9822875454535304,19410.0,27692.0,56875.0,53899.0,66703.0,63304.0,67435.0,55723.0,43252.0,25612.0,36438.0,15108.0,11155.0,-7097.0,-2092.0,-8086.0,1305.0,-3318.0,2797.0,-16523.0,7503.0,-1858.0,478.0,-7745.0,-3322.0,-7352.0,-4299.0,-5265.0,-616.0,-4759.0,25000,25050,24500,25050,25100,25500,25007.95,25046.152854509757
2024-08-01 10:53:03,1.4655234440580405,1.4553556746801724,1.9229957805907174,1.6663905442496476,1.7964442215615335,1.688371283791131,1.6992938102101978,1.5103539863534368,1.3767431732067419,1.1862636723295323,1.249929694841316,1.0891669371735473,1.0652843130369642,0.9626778154663301,0.9890986481282977,0.9600811306974082,1.0063587094754554,0.9844406257462459,1.0130245750219253,0.929573022597666,1.0317873274408278,0.9924342011550155,1.0018865321887018,0.9696967329656422,0.986983384788319,0.9718311475221737,0.9835115694203441,0.9799475141373823,0.9976062669524478,0.9822366951991068,19410.0,27692.0,56875.0,53899.0,66703.0,63304.0,67435.0,55723.0,43252.0,25612.0,36438.0,15108.0,11155.0,-7097.0,-2095.0,-8089.0,1300.0,-3323.0,2792.0,-16524.0,7502.0,-1859.0,465.0,-7758.0,-3335.0,-7365.0,-4314.0,-5280.0,-631.0,-4773.0,25000,25050,24500,25050,25100,25500,25007.3,25046.392828698226
2024-08-01 10:53:34,1.4655234440580405,1.4553556746801724,1.9229957805907174,1.6663905442496476,1.7964442215615335,1.688371283791131,1.6992938102101978,1.5103539863534368,1.3767431732067419,1.1862636723295323,1.249929694841316,1.0891669371735473,1.0652843130369642,0.9626778154663301,0.9890986481282977,0.9600811306974082,1.0063587094754554,0.9844406257462459,1.0130245750219253,0.929573022597666,1.0317873274408278,0.9924342011550155,1.0018865321887018,0.9696967329656422,0.986983384788319,0.9718311475221737,0.9835115694203441,0.9799475141373823,0.9976062669524478,0.9822366951991068,19410.0,27692.0,56875.0,53899.0,66703.0,63304.0,67435.0,55723.0,43252.0,25612.0,36438.0,15108.0,11155.0,-7097.0,-2095.0,-8089.0,1300.0,-3323.0,2792.0,-16524.0,7502.0,-1859.0,465.0,-7758.0,-3335.0,-7365.0,-4314.0,-5280.0,-631.0,-4773.0,25000,25050,24500,25050,25100,25500,25011.95,25046.27994164222
2024-08-01 10:54:05,1.4655234440580405,1.4553556746801724,1.9229957805907174,1.6663905442496476,1.7964442215615335,1.688371283791131,1.6992938102101978,1.5103539863534368,1.3767431732067419,1.1862636723295323,1.249929694841316,1.0891669371735473,1.0652843130369642,0.9626778154663301,0.9890986481282977,0.9600811306974082,1.0063587094754554,0.9844406257462459,1.0130245750219253,0.929573022597666,1.0317873274408278,0.9924342011550155,1.0018865321887018,0.9696967329656422,0.986983384788319,0.9718311475221737,0.9835115694203441,0.9799475141373823,0.9976062669524478,0.9822366951991068,19410.0,27692.0,56875.0,53899.0,66703.0,63304.0,67435.0,55723.0,43252.0,25612.0,36438.0,15108.0,11155.0,-7097.0,-2095.0,-8089.0,1300.0,-3323.0,2792.0,-16524.0,7502.0,-1859.0,465.0,-7758.0,-3335.0,-7365.0,-4314.0,-5280.0,-631.0,-4773.0,25000,25050,24500,25050,25100,25500,25017.15,25046.504924257308
2024-08-01 10:54:35,1.4123933605341246,1.4171971450617284,1.8760638382173478,1.6230351976856316,1.7502531100534149,1.643059699913233,1.6565551399979783,1.4765136727494135,1.3474832043106095,1.1571455940056623,1.221023355560768,1.064748076889784,1.041592261904762,0.9428455154721491,0.968931464666806,0.9415841823769996,0.9871409173132194,0.9661990089087884,0.9943388707970925,0.9140331612124464,1.014410818737814,0.9761971458985297,0.9854988630470339,0.9547536875763841,0.9718852367730811,0.9470841930413926,0.9584749200725023,0.954819366191976,0.9719115437019751,0.9546377597109305,17789.0,25953.0,55277.0,51687.0,64470.0,60773.0,64953.0,53218.0,40757.0,22147.0,32980.0,11220.0,7267.0,-11095.0,-6094.0,-12069.0,-2680.0,-7353.0,-1236.0,-20511.0,3459.0,-5948.0,-3635.0,-11773.0,-7321.0,-14208.0,-11157.0,-12221.0,-7607.0,-12554.0,25000,25050,24500,25050,25100,25500,25013.05,25046.98508428986
2024-08-01 10:55:06,1.4655234440580405,1.4507185845364554,1.9184193443687114,1.6629039835810193,1.7930770975868944,1.6853047998086166,1.6963695000674044,1.5077712139945962,1.3742868341971168,1.1842128228996975,1.2479748684779104,1.0874848762062148,1.0636163588266967,0.9605930488618865,0.9855845736216419,0.9567649147727273,1.0030455612045366,0.981280857336734,1.009861059306229,0.9267238074140972,1.0289045493431361,0.9896838020233741,0.9991403081914031,0.9670672476261869,0.9843481178338607,0.9692554716620472,0.9809324785867647,0.9773863528518554,0.9950402129523246,0.9797259091720731,19410.0,27410.0,56593.0,53617.0,66421.0,63022.0,67153.0,55441.0,42970.0,25330.0,36153.0,14823.0,10870.0,-7498.0,-2772.0,-8766.0,623.0,-4000.0,2115.0,-17201.0,6825.0,-2536.0,-212.0,-8435.0,-4012.0,-8042.0,-4991.0,-5957.0,-1308.0,-5450.0,25000,25050,24500,25050,25100,25500,25012.8,25047.108558618947
2024-08-01 10:55:38,1.3955418979039582,1.4054373145282235,1.8610757153869146,1.61533021694834,1.7422483536070184,1.636455525606469,1.6498893360160967,1.4673038452989553,1.3425811981770193,1.153547091921848,1.23350918196995,1.0760030375901786,1.0518257041349932,0.9523824193879646,0.97710175866626,0.9547799667050093,1.0015974133451375,0.979562877782692,1.0077668476788968,0.9094872027516352,1.014632146444458,0.9769951886134459,0.9860934879025129,0.9541607285291438,0.9709535105081059,0.9464290295507105,0.95781482322437,0.9540690292466594,0.9708902616279069,0.9539069530852604,17248.0,25412.0,54736.0,51337.0,64131.0,60448.0,64599.0,52560.0,40366.0,21722.0,34968.0,13211.0,9088.0,-9274.0,-4505.0,-9317.0,332.0,-4436.0,1692.0,-21947.0,3569.0,-5838.0,-3540.0,-12126.0,-7690.0,-14617.0,-11519.0,-12625.0,-8011.0,-12958.0,25000,24900,25050,25050,25100,25500,25010.9,25047.26438035828
2024-08-01 10:56:09,1.3955418979039582,1.4054373145282235,1.8610757153869146,1.61533021694834,1.7422483536070184,1.636455525606469,1.6498893360160967,1.4673038452989553,1.3425811981770193,1.153547091921848,1.23350918196995,1.0760030375901786,1.0518257041349932,0.9523824193879646,0.97710175866626,0.9547799667050093,1.0015974133451375,0.979562877782692,1.0077668476788968,0.9094872027516352,1.014632146444458,0.9769951886134459,0.9860934879025129,0.9541607285291438,0.9709535105081059,0.9464290295507105,0.95781482322437,0.9542218293077793,0.9720021802325581,0.9549954291121094,17248.0,25412.0,54736.0,51337.0,64131.0,60448.0,64599.0,52560.0,40366.0,21722.0,34968.0,13211.0,9088.0,-9274.0,-4505.0,-9317.0,332.0,-4436.0,1692.0,-21947.0,3569.0,-5838.0,-3540.0,-12126.0,-7690.0,-14617.0,-11519.0,-12583.0,-7705.0,-12652.0,25000,24900,25050,25050,25100,25500,25013.7,25048.00389685926
2024-08-01 10:56:40,1.398799411031827,1.3889810092919939,1.83627269929209,1.59875764683695,1.729718628055042,1.6160521503765612,1.6311782942674908,1.4514811388273081,1.3302527316706982,1.1360633443555457,1.214195183776933,1.0624682579989844,1.0391705971543828,0.94300774504953,0.9660407331365115,0.9446722974747306,0.9919129804480786,0.970206701222778,0.998019094481957,0.9016618132717305,1.00164970463009,0.9646750540410245,0.9736750308132369,0.9421180980222533,0.9588652746474938,0.9351667028278007,0.9462894717826432,0.9426806684085102,0.9603129939817121,0.9409259965501677,17605.0,24866.0,54341.0,50798.0,63954.0,59632.0,63927.0,51728.0,39594.0,19710.0,32786.0,11070.0,7001.0,-11288.0,-6798.0,-11588.0,-1707.0,-6564.0,-438.0,-24179.0,408.0,-9086.0,-6792.0,-15523.0,-11042.0,-17929.0,-14866.0,-15971.0,-11072.0,-16884.0,25000,24900,25050,25050,25100,25500,25013.9,25048.077051401302
2024-08-01 10:57:11,1.398799411031827,1.3889810092919939,1.83627269929209,1.59875764683695,1.729718628055042,1.6160521503765612,1.6311782942674908,1.4514811388273081,1.3302527316706982,1.1360633443555457,1.214195183776933,1.0624682579989844,1.0391705971543828,0.94300774504953,0.9660407331365115,0.9446722974747306,0.9919129804480786,0.970206701222778,0.998019094481957,0.9016618132717305,1.00164970463009,0.9646750540410245,0.9736750308132369,0.9421180980222533,0.9588652746474938,0.9351667028278007,0.9462894717826432,0.9426806684085102,0.9603129939817121,0.9409259965501677,17605.0,24866.0,54341.0,50798.0,63954.0,59632.0,63927.0,51728.0,39594.0,19710.0,32786.0,11070.0,7001.0,-11288.0,-6798.0,-11588.0,-1707.0,-6564.0,-438.0,-24179.0,408.0,-9086.0,-6792.0,-15523.0,-11042.0,-17929.0,-14866.0,-15971.0,-11072.0,-16884.0,25000,24900,25050,25050,25100,25500,25015.8,25047.58539237016
2024-08-01 10:57:42,1.398799411031827,1.3889810092919939,1.83627269929209,1.59875764683695,1.729718628055042,1.6160521503765612,1.6311782942674908,1.4514811388273081,1.3302527316706982,1.1360633443555457,1.214195183776933,1.0624682579989844,1.0391705971543828,0.94300774504953,0.9660407331365115,0.9446722974747306,0.9919129804480786,0.970206701222778,0.998019094481957,0.9016618132717305,1.00164970463009,0.9646750540410245,0.9736750308132369,0.9421180980222533,0.9588652746474938,0.9351667028278007,0.9462894717826432,0.9426806684085102,0.9603129939817121,0.9409259965501677,17605.0,24866.0,54341.0,50798.0,63954.0,59632.0,63927.0,51728.0,39594.0,19710.0,32786.0,11070.0,7001.0,-11288.0,-6798.0,-11588.0,-1707.0,-6564.0,-438.0,-24179.0,408.0,-9086.0,-6792.0,-15523.0,-11042.0,-17929.0,-14866.0,-15971.0,-11072.0,-16884.0,25000,24900,25050,25050,25100,25500,25016.8,25047.568563288118
2024-08-01 10:58:13,1.398799411031827,1.3889810092919939,1.83627269929209,1.59875764683695,1.729718628055042,1.6160521503765612,1.6311782942674908,1.4514811388273081,1.3302527316706982,1.1360633443555457,1.214195183776933,1.0624682579989844,1.0391705971543828,0.94300774504953,0.9660407331365115,0.9446722974747306,0.9919129804480786,0.970206701222778,0.998019094481957,0.9016618132717305,1.00164970463009,0.9646750540410245,0.9736750308132369,0.9421180980222533,0.9588652746474938,0.9351667028278007,0.9462894717826432,0.9426806684085102,0.9603129939817121,0.9409259965501677,17605.0,24866.0,54341.0,50798.0,63954.0,59632.0,63927.0,51728.0,39594.0,19710.0,32786.0,11070.0,7001.0,-11288.0,-6798.0,-11588.0,-1707.0,-6564.0,-438.0,-24179.0,408.0,-9086.0,-6792.0,-15523.0,-11042.0,-17929.0,-14866.0,-15971.0,-11072.0,-16884.0,25000,24900,25050,25050,25100,25500,25017.05,25047.219291316163
2024-08-01 10:58:45,1.398799411031827,1.3889810092919939,1.83627269929209,1.59875764683695,1.729718628055042,1.6160521503765612,1.6311782942674908,1.4514811388273081,1.3302527316706982,1.1360633443555457,1.214195183776933,1.0624682579989844,1.0391705971543828,0.94300774504953,0.9660407331365115,0.9446722974747306,0.9919129804480786,0.970206701222778,0.998019094481957,0.9016618132717305,1.00164970463009,0.9646750540410245,0.9736750308132369,0.9421180980222533,0.9588652746474938,0.9351667028278007,0.9462894717826432,0.9426806684085102,0.9603129939817121,0.9409259965501677,17605.0,24866.0,54341.0,50798.0,63954.0,59632.0,63927.0,51728.0,39594.0,19710.0,32786.0,11070.0,7001.0,-11288.0,-6798.0,-11588.0,-1707.0,-6564.0,-438.0,-24179.0,408.0,-9086.0,-6792.0,-15523.0,-11042.0,-17929.0,-14866.0,-15971.0,-11072.0,-16884.0,25000,24900,25050,25050,25100,25500,25015.4,25047.866993981846
2024-08-01 10:59:16,1.398799411031827,1.3889810092919939,1.83627269929209,1.59875764683695,1.7295474772369412,1.6157636485718714,1.630901372297364,1.45136288654395,1.3301054282187301,1.1359441119417926,1.2140813233334204,1.0623716226892084,1.039075044899375,0.9429224897002989,0.9659561501226378,0.9446107570006446,0.9918514693411534,0.970147966594045,0.9979603189319488,0.9016097414164749,1.0015768789118726,0.9646060361015322,0.9736059810939759,0.9420524924400894,0.9587992937021778,0.9351032555044893,0.9462257981769375,0.9426175086761006,0.9602494713072153,0.9408644661987698,17605.0,24866.0,54341.0,50798.0,63939.0,59609.0,63904.0,51714.0,39577.0,19693.0,32769.0,11053.0,6984.0,-11305.0,-6815.0,-11601.0,-1720.0,-6577.0,-451.0,-24192.0,390.0,-9104.0,-6810.0,-15541.0,-11060.0,-17947.0,-14884.0,-15989.0,-11090.0,-16902.0,25000,24900,25050,25050,25100,25500,25014.65,25047.866993981846
2024-08-01 10:59:47,1.398799411031827,1.3889810092919939,1.83627269929209,1.59875764683695,1.7295474772369412,1.6157636485718714,1.630901372297364,1.45136288654395,1.3301054282187301,1.1359441119417926,1.2140813233334204,1.0623716226892084,1.039075044899375,0.9429224897002989,0.9659561501226378,0.9446107570006446,0.9918514693411534,0.970147966594045,0.9979603189319488,0.9016097414164749,1.0015768789118726,0.9646060361015322,0.9736059810939759,0.9420524924400894,0.9587992937021778,0.9351032555044893,0.9462257981769375,0.9426175086761006,0.9602494713072153,0.9408644661987698,17605.0,24866.0,54341.0,50798.0,63939.0,59609.0,63904.0,51714.0,39577.0,19693.0,32769.0,11053.0,6984.0,-11305.0,-6815.0,-11601.0,-1720.0,-6577.0,-451.0,-24192.0,390.0,-9104.0,-6810.0,-15541.0,-11060.0,-17947.0,-14884.0,-15989.0,-11090.0,-16902.0,25000,24900,25050,25050,25100,25500,25016.15,25048.391080238052
2024-08-01 11:00:18,1.398799411031827,1.3889810092919939,1.83627269929209,1.59875764683695,1.7295474772369412,1.6157636485718714,1.630901372297364,1.45136288654395,1.3301054282187301,1.1359441119417926,1.2140813233334204,1.0623716226892084,1.039075044899375,0.9429224897002989,0.9659561501226378,0.9446107570006446,0.9918514693411534,0.970147966594045,0.9979603189319488,0.9016097414164749,1.0015768789118726,0.9646060361015322,0.9736059810939759,0.9420524924400894,0.9587992937021778,0.9351032555044893,0.9462257981769375,0.9426175086761006,0.9602494713072153,0.9408644661987698,17605.0,24866.0,54341.0,50798.0,63939.0,59609.0,63904.0,51714.0,39577.0,19693.0,32769.0,11053.0,6984.0,-11305.0,-6815.0,-11601.0,-1720.0,-6577.0,-451.0,-24192.0,390.0,-9104.0,-6810.0,-15541.0,-11060.0,-17947.0,-14884.0,-15989.0,-11090.0,-16902.0,25000,24900,25050,25050,25100,25500,25014.5,25048.51569528581
2024-08-01 11:00:49,1.3954288025889967,1.40399850290063,1.8430595764132256,1.6053494532681378,1.7348038219150235,1.6196329675270267,1.6329676122054546,1.452833444042823,1.3343727314723157,1.1392404198793906,1.2149052838255905,1.0564252375303496,1.035870092098885,0.9419987346627677,0.962639940081993,0.9422203996210247,0.9901902538745456,0.9684083604889353,0.9957252931323283,0.8973026429054743,0.9955535740586674,0.9588999674659828,0.9681030897150685,0.9362815235495682,0.9528525611655824,0.9295885935158722,0.94054117488078,0.9368873566304129,0.9540392084922334,0.9350573742537558,17595.0,25906.0,55330.0,51873.0,65061.0,60641.0,64845.0,52492.0,40534.0,20388.0,33274.0,10179.0,6512.0,-11643.0,-7582.0,-12258.0,-2097.0,-7048.0,-957.0,-25650.0,-1117.0,-10738.0,-8359.0,-17368.0,-12863.0,-19783.0,-16720.0,-17867.0,-13028.0,-18852.0,25000,24900,25050,25050,25100,25500,25014.5,25048.475250733925
2024-08-01 11:01:20,1.3954288025889967,1.40399850290063,1.8430595764132256,1.6053494532681378,1.7348038219150235,1.6196329675270267,1.6329676122054546,1.452833444042823,1.3343727314723157,1.1392404198793906,1.2149052838255905,1.0564252375303496,1.035870092098885,0.9419987346627677,0.962639940081993,0.9422203996210247,0.9901902538745456,0.9684083604889353,0.9957252931323283,0.8973026429054743,0.9955535740586674,0.9588999674659828,0.9681030897150685,0.9362815235495682,0.9528525611655824,0.9295885935158722,0.94054117488078,0.9368873566304129,0.9540392084922334,0.9350573742537558,17595.0,25906.0,55330.0,51873.0,65061.0,60641.0,64845.0,52492.0,40534.0,20388.0,33274.0,10179.0,6512.0,-11643.0,-7582.0,-12258.0,-2097.0,-7048.0,-957.0,-25650.0,-1117.0,-10738.0,-8359.0,-17368.0,-12863.0,-19783.0,-16720.0,-17867.0,-13028.0,-18852.0,25000,24900,25050,25050,25100,25500,25016.1,25048.475250733925
2024-08-01 11:01:51,1.3954288025889967,1.40399850290063,1.8430595764132256,1.6053494532681378,1.7348038219150235,1.6196329675270267,1.6329676122054546,1.452833444042823,1.3343727314723157,1.1392404198793906,1.2149052838255905,1.0564252375303496,1.035870092098885,0.9419987346627677,0.962639940081993,0.9422203996210247,0.9901902538745456,0.9684083604889353,0.9957252931323283,0.8973026429054743,0.9955535740586674,0.9588999674659828,0.9681030897150685,0.9362815235495682,0.9528525611655824,0.9295885935158722,0.94054117488078,0.9368873566304129,0.9540392084922334,0.9350573742537558,17595.0,25906.0,55330.0,51873.0,65061.0,60641.0,64845.0,52492.0,40534.0,20388.0,33274.0,10179.0,6512.0,-11643.0,-7582.0,-12258.0,-2097.0,-7048.0,-957.0,-25650.0,-1117.0,-10738.0,-8359.0,-17368.0,-12863.0,-19783.0,-16720.0,-17867.0,-13028.0,-18852.0,25000,24900,25050,25050,25100,25500,25006.7,25047.986186156104
2024-08-01 11:02:22,1.3954288025889967,1.40399850290063,1.8430595764132256,1.6053494532681378,1.7348038219150235,1.6196329675270267,1.6329676122054546,1.452833444042823,1.3343727314723157,1.1392404198793906,1.2149052838255905,1.0564252375303496,1.035870092098885,0.9419987346627677,0.962639940081993,0.9422203996210247,0.9901902538745456,0.9684083604889353,0.9957252931323283,0.8973026429054743,0.9955535740586674,0.9588999674659828,0.9681030897150685,0.9362815235495682,0.9528525611655824,0.9295885935158722,0.94054117488078,0.9368873566304129,0.9540392084922334,0.9350573742537558,17595.0,25906.0,55330.0,51873.0,65061.0,60641.0,64845.0,52492.0,40534.0,20388.0,33274.0,10179.0,6512.0,-11643.0,-7582.0,-12258.0,-2097.0,-7048.0,-957.0,-25650.0,-1117.0,-10738.0,-8359.0,-17368.0,-12863.0,-19783.0,-16720.0,-17867.0,-13028.0,-18852.0,25000,24900,25050,25050,25100,25500,25006.7,25047.30453314115
2024-08-01 11:02:53,1.3954288025889967,1.40399850290063,1.8430595764132256,1.6053494532681378,1.7348038219150235,1.6196329675270267,1.6329676122054546,1.452833444042823,1.3343727314723157,1.1392404198793906,1.2149052838255905,1.0564252375303496,1.035870092098885,0.9419987346627677,0.962639940081993,0.9422203996210247,0.9901902538745456,0.9684083604889353,0.9957252931323283,0.8973026429054743,0.9955535740586674,0.9588999674659828,0.9681030897150685,0.9362815235495682,0.9528525611655824,0.9295885935158722,0.94054117488078,0.9368873566304129,0.9540392084922334,0.9350573742537558,17595.0,25906.0,55330.0,51873.0,65061.0,60641.0,64845.0,52492.0,40534.0,20388.0,33274.0,10179.0,6512.0,-11643.0,-7582.0,-12258.0,-2097.0,-7048.0,-957.0,-25650.0,-1117.0,-10738.0,-8359.0,-17368.0,-12863.0,-19783.0,-16720.0,-17867.0,-13028.0,-18852.0,25000,24900,25050,25050,25100,25500,25005.25,25047.709066446034
2024-08-01 11:03:24,1.36396289195919,1.3849359469053866,1.8131516480874974,1.5651623931623933,1.6914703743692572,1.5819932479673984,1.5902146512871438,1.4158030322226445,1.301954249846313,1.1061525851786203,1.184607331824001,1.0311336754100315,1.0108456832672756,0.9211947638819092,0.9414475938590438,0.9217220683287165,0.9688694376976307,0.9482809376304401,0.9753210756087629,0.879287329606131,0.9761822036048767,0.9409013733209124,0.9501299557326582,0.9174305989948448,0.9338582054975091,0.9113289319412652,0.922085936628361,0.9182301963486288,0.9349797568050672,0.9138281612948836,16517.0,24940.0,54125.0,49593.0,62762.0,58268.0,61812.0,49229.0,37330.0,15930.0,29273.0,5746.0,2014.0,-16152.0,-12132.0,-16955.0,-6793.0,-11771.0,-5636.0,-30746.0,-6101.0,-15733.0,-13316.0,-22968.0,-18415.0,-25411.0,-22347.0,-23617.0,-18806.0,-25597.0,25000,24900,25050,25050,25100,25500,25012.8,25047.709066446034
2024-08-01 11:03:55,1.36396289195919,1.3849359469053866,1.8131516480874974,1.5651623931623933,1.6914703743692572,1.5819932479673984,1.5902146512871438,1.4158030322226445,1.301954249846313,1.1061525851786203,1.184607331824001,1.0311336754100315,1.0108456832672756,0.9211947638819092,0.9414475938590438,0.9217220683287165,0.9688694376976307,0.9482809376304401,0.9753210756087629,0.879287329606131,0.9761822036048767,0.9409013733209124,0.9501299557326582,0.9174305989948448,0.9338582054975091,0.9113289319412652,0.922085936628361,0.9182301963486288,0.9349797568050672,0.9138281612948836,16517.0,24940.0,54125.0,49593.0,62762.0,58268.0,61812.0,49229.0,37330.0,15930.0,29273.0,5746.0,2014.0,-16152.0,-12132.0,-16955.0,-6793.0,-11771.0,-5636.0,-30746.0,-6101.0,-15733.0,-13316.0,-22968.0,-18415.0,-25411.0,-22347.0,-23617.0,-18806.0,-25597.0,25000,24900,25050,25050,25100,25500,25015.45,25048.37832312014
2024-08-01 11:04:26,1.36396289195919,1.3849359469053866,1.8131516480874974,1.5651623931623933,1.6914703743692572,1.5819932479673984,1.5902146512871438,1.4158030322226445,1.301954249846313,1.1061525851786203,1.184607331824001,1.0311336754100315,1.0108456832672756,0.9211947638819092,0.9414475938590438,0.9217220683287165,0.9688694376976307,0.9482809376304401,0.9753210756087629,0.879287329606131,0.9761822036048767,0.9409013733209124,0.9501299557326582,0.9174305989948448,0.9338582054975091,0.9113289319412652,0.922085936628361,0.9182301963486288,0.9349797568050672,0.9138281612948836,16517.0,24940.0,54125.0,49593.0,62762.0,58268.0,61812.0,49229.0,37330.0,15930.0,29273.0,5746.0,2014.0,-16152.0,-12132.0,-16955.0,-6793.0,-11771.0,-5636.0,-30746.0,-6101.0,-15733.0,-13316.0,-22968.0,-18415.0,-25411.0,-22347.0,-23617.0,-18806.0,-25597.0,25000,24900,25050,25050,25100,25500,25014.65,25052.827409957634
2024-08-01 11:04:57,1.36396289195919,1.3849359469053866,1.8131516480874974,1.5651623931623933,1.6914703743692572,1.5819932479673984,1.5902146512871438,1.4158030322226445,1.301954249846313,1.1061525851786203,1.184607331824001,1.0311336754100315,1.0108456832672756,0.9211947638819092,0.9414475938590438,0.9217220683287165,0.9688694376976307,0.9482809376304401,0.9753210756087629,0.879287329606131,0.9761822036048767,0.9409013733209124,0.9501299557326582,0.9174305989948448,0.9338582054975091,0.9113289319412652,0.922085936628361,0.9182301963486288,0.9349797568050672,0.9138281612948836,16517.0,24940.0,54125.0,49593.0,62762.0,58268.0,61812.0,49229.0,37330.0,15930.0,29273.0,5746.0,2014.0,-16152.0,-12132.0,-16955.0,-6793.0,-11771.0,-5636.0,-30746.0,-6101.0,-15733.0,-13316.0,-22968.0,-18415.0,-25411.0,-22347.0,-23617.0,-18806.0,-25597.0,25000,24900,25050,25050,25100,25500,25010.05,25052.827409957634
2024-08-01 11:05:28,1.36396289195919,1.3849359469053866,1.8131516480874974,1.5651623931623933,1.6914703743692572,1.5819932479673984,1.5902146512871438,1.4157185691963343,1.3018733620215486,1.1060859482764365,1.1845442677950924,1.0310794921949078,1.0107918318111322,0.9211459741121482,0.9413993310778527,0.9216759002770083,0.9688236102836717,0.9482369999340935,0.9752772875952936,0.8792480683460017,0.9761431644368795,0.9408638098386273,0.950092504512872,0.9173946492382247,0.933822288150508,0.9112940371838535,0.9220510710699542,0.9181955730672419,0.9349451826036448,0.9137944964752934,16517.0,24940.0,54125.0,49593.0,62762.0,58268.0,61812.0,49219.0,37320.0,15920.0,29263.0,5736.0,2004.0,-16162.0,-12142.0,-16965.0,-6803.0,-11781.0,-5646.0,-30756.0,-6111.0,-15743.0,-13326.0,-22978.0,-18425.0,-25421.0,-22357.0,-23627.0,-18816.0,-25607.0,25000,24900,25050,25050,25100,25500,25009.65,25055.208178030593
2024-08-01 11:05:59,1.36396289195919,1.3849359469053866,1.8131516480874974,1.5651623931623933,1.6914703743692572,1.5819932479673984,1.5902146512871438,1.4157185691963343,1.3018733620215486,1.1060859482764365,1.1845442677950924,1.0310794921949078,1.0107918318111322,0.9211459741121482,0.9413993310778527,0.9216759002770083,0.9688236102836717,0.9482369999340935,0.9752772875952936,0.8792480683460017,0.9761431644368795,0.9408638098386273,0.950092504512872,0.9173946492382247,0.933822288150508,0.9112940371838535,0.9220510710699542,0.9181955730672419,0.9349451826036448,0.9137944964752934,16517.0,24940.0,54125.0,49593.0,62762.0,58268.0,61812.0,49219.0,37320.0,15920.0,29263.0,5736.0,2004.0,-16162.0,-12142.0,-16965.0,-6803.0,-11781.0,-5646.0,-30756.0,-6111.0,-15743.0,-13326.0,-22978.0,-18425.0,-25421.0,-22357.0,-23627.0,-18816.0,-25607.0,25000,24900,25050,25050,25100,25500,25009.65,25055.208178030593
2024-08-01 11:06:30,1.36396289195919,1.3849359469053866,1.8131516480874974,1.5651623931623933,1.6914703743692572,1.5819932479673984,1.5902146512871438,1.4157185691963343,1.3018733620215486,1.1060859482764365,1.1845442677950924,1.0310794921949078,1.0107918318111322,0.9211459741121482,0.9413993310778527,0.9216759002770083,0.9688236102836717,0.9482369999340935,0.9752772875952936,0.8792480683460017,0.9761431644368795,0.9408638098386273,0.950092504512872,0.9173946492382247,0.933822288150508,0.9112940371838535,0.9220510710699542,0.9181955730672419,0.9349451826036448,0.9137944964752934,16517.0,24940.0,54125.0,49593.0,62762.0,58268.0,61812.0,49219.0,37320.0,15920.0,29263.0,5736.0,2004.0,-16162.0,-12142.0,-16965.0,-6803.0,-11781.0,-5646.0,-30756.0,-6111.0,-15743.0,-13326.0,-22978.0,-18425.0,-25421.0,-22357.0,-23627.0,-18816.0,-25607.0,25000,24900,25050,25050,25100,25500,25008.5,25056.871834707777
2024-08-01 11:07:10,1.3553625212798464,1.3724881954737855,1.7919115464529534,1.5460396763775894,1.6740417948077069,1.5613929898366392,1.5719930010724164,1.3985928494798034,1.2930754784832381,1.0950614695011665,1.1823755075140052,1.033080804019023,1.014394626006291,0.9247699505103619,0.9454209021449131,0.9235878427111959,0.968413518814635,0.9501228308592933,0.9768871446680675,0.8801870569652264,0.9767645158919571,0.9418838421444528,0.9511237999064428,0.9184651850795744,0.935056146961511,0.9120649940857872,0.9231755444511255,0.9192045025567109,0.9359115832762166,0.9069376573619764,16282.0,24376.0,53359.0,48526.0,62026.0,57115.0,60804.0,47928.0,36674.0,14506.0,29332.0,6170.0,2700.0,-15566.0,-11415.0,-16739.0,-6973.0,-11451.0,-5324.0,-30796.0,-6007.0,-15610.0,-13165.0,-22875.0,-18235.0,-25425.0,-22231.0,-23543.0,-18701.0,-28128.0,25000,24900,24500,25050,25100,25500,25009.45,25056.871834707777
2024-08-01 11:07:41,1.3553625212798464,1.3724881954737855,1.7919115464529534,1.5460396763775894,1.6740417948077069,1.5613929898366392,1.5719930010724164,1.3985928494798034,1.2930754784832381,1.0950614695011665,1.1823755075140052,1.033080804019023,1.014394626006291,0.9247699505103619,0.9454209021449131,0.9235878427111959,0.968413518814635,0.9501228308592933,0.9768871446680675,0.8801870569652264,0.9767645158919571,0.9418838421444528,0.9511237999064428,0.9184651850795744,0.935056146961511,0.9120649940857872,0.9231755444511255,0.9192045025567109,0.9359115832762166,0.9069376573619764,16282.0,24376.0,53359.0,48526.0,62026.0,57115.0,60804.0,47928.0,36674.0,14506.0,29332.0,6170.0,2700.0,-15566.0,-11415.0,-16739.0,-6973.0,-11451.0,-5324.0,-30796.0,-6007.0,-15610.0,-13165.0,-22875.0,-18235.0,-25425.0,-22231.0,-23543.0,-18701.0,-28128.0,25000,24900,24500,25050,25100,25500,25012.3,25057.637375095404
2024-08-01 11:08:12,1.3553625212798464,1.3724881954737855,1.7919115464529534,1.5460396763775894,1.6740417948077069,1.5613929898366392,1.5719930010724164,1.3985928494798034,1.2930754784832381,1.0950614695011665,1.1823755075140052,1.033080804019023,1.014394626006291,0.9247699505103619,0.9454209021449131,0.9235878427111959,0.968413518814635,0.9501228308592933,0.9768871446680675,0.8801870569652264,0.9767645158919571,0.9418838421444528,0.9511237999064428,0.9184651850795744,0.935056146961511,0.9120649940857872,0.9231755444511255,0.9192045025567109,0.9359115832762166,0.9069376573619764,16282.0,24376.0,53359.0,48526.0,62026.0,57115.0,60804.0,47928.0,36674.0,14506.0,29332.0,6170.0,2700.0,-15566.0,-11415.0,-16739.0,-6973.0,-11451.0,-5324.0,-30796.0,-6007.0,-15610.0,-13165.0,-22875.0,-18235.0,-25425.0,-22231.0,-23543.0,-18701.0,-28128.0,25000,24900,24500,25050,25100,25500,25015.95,25058.134086337766
2024-08-01 11:08:44,1.3553625212798464,1.3724881954737855,1.7919115464529534,1.5460396763775894,1.6740417948077069,1.5613929898366392,1.5719930010724164,1.3985928494798034,1.2930754784832381,1.0950614695011665,1.1823755075140052,1.033080804019023,1.014394626006291,0.9247699505103619,0.9454209021449131,0.9235878427111959,0.968413518814635,0.9501228308592933,0.9768871446680675,0.8801870569652264,0.9767645158919571,0.9418838421444528,0.9511237999064428,0.9184651850795744,0.935056146961511,0.9120649940857872,0.9231755444511255,0.9192045025567109,0.9359115832762166,0.9069376573619764,16282.0,24376.0,53359.0,48526.0,62026.0,57115.0,60804.0,47928.0,36674.0,14506.0,29332.0,6170.0,2700.0,-15566.0,-11415.0,-16739.0,-6973.0,-11451.0,-5324.0,-30796.0,-6007.0,-15610.0,-13165.0,-22875.0,-18235.0,-25425.0,-22231.0,-23543.0,-18701.0,-28128.0,25000,24900,24500,25050,25100,25500,25016.95,25058.134086337766
2024-08-01 11:09:14,1.3784087957752575,1.3910346601310155,1.8036573205068043,1.555297568129048,1.6813275247864716,1.5648626386937352,1.5749047173048212,1.3956257395846086,1.294198960116869,1.0988694917549642,1.1839082571054211,1.0372980988190437,1.0208396986777644,0.9318023161297109,0.9507077892287391,0.9291162462834266,0.9735653780442416,0.9554961058013851,0.9816825870603971,0.8847360912981455,0.9800719082518169,0.9454394478991752,0.9544161431478844,0.9219555819485831,0.9385004450346844,0.9155953986077804,0.9266284319539813,0.9226759546766901,0.9391783001611577,0.9105036264122323,17484.0,25847.0,54803.0,49984.0,63497.0,58291.0,61996.0,48478.0,37458.0,15331.0,30037.0,7043.0,3956.0,-14263.0,-10422.0,-15687.0,-5895.0,-10314.0,-4259.0,-29896.0,-5199.0,-14784.0,-12386.0,-22079.0,-17412.0,-24602.0,-21403.0,-22711.0,-17889.0,-27258.0,25000,24900,24500,25050,25100,25000,25016.2,25058.45315599914
2024-08-01 11:09:46,1.3784087957752575,1.3910346601310155,1.8036573205068043,1.555297568129048,1.6813275247864716,1.5648626386937352,1.5749047173048212,1.3956257395846086,1.294198960116869,1.0988694917549642,1.1839082571054211,1.0372980988190437,1.0208396986777644,0.9318023161297109,0.9507077892287391,0.9291162462834266,0.9735653780442416,0.9554961058013851,0.9816825870603971,0.8847360912981455,0.9800719082518169,0.9454394478991752,0.9544161431478844,0.9219555819485831,0.9385004450346844,0.9155953986077804,0.9266284319539813,0.9226759546766901,0.9391783001611577,0.9105036264122323,17484.0,25847.0,54803.0,49984.0,63497.0,58291.0,61996.0,48478.0,37458.0,15331.0,30037.0,7043.0,3956.0,-14263.0,-10422.0,-15687.0,-5895.0,-10314.0,-4259.0,-29896.0,-5199.0,-14784.0,-12386.0,-22079.0,-17412.0,-24602.0,-21403.0,-22711.0,-17889.0,-27258.0,25000,24900,24500,25050,25100,25000,25019.45,25058.661143850968
2024-08-01 11:10:17,1.3784087957752575,1.3910346601310155,1.8036573205068043,1.555297568129048,1.6813275247864716,1.5648626386937352,1.5749047173048212,1.3956257395846086,1.294198960116869,1.0988694917549642,1.1839082571054211,1.0372980988190437,1.0208396986777644,0.9318023161297109,0.9507077892287391,0.9291162462834266,0.9735653780442416,0.9554961058013851,0.9816825870603971,0.8847360912981455,0.9800719082518169,0.9454394478991752,0.9544161431478844,0.9219555819485831,0.9385004450346844,0.9155953986077804,0.9266284319539813,0.9226759546766901,0.9391783001611577,0.9105036264122323,17484.0,25847.0,54803.0,49984.0,63497.0,58291.0,61996.0,48478.0,37458.0,15331.0,30037.0,7043.0,3956.0,-14263.0,-10422.0,-15687.0,-5895.0,-10314.0,-4259.0,-29896.0,-5199.0,-14784.0,-12386.0,-22079.0,-17412.0,-24602.0,-21403.0,-22711.0,-17889.0,-27258.0,25000,24900,24500,25050,25100,25000,25020.55,25057.64427637777
2024-08-01 11:10:48,1.3784087957752575,1.3910346601310155,1.8036573205068043,1.555297568129048,1.6813275247864716,1.5648626386937352,1.5749047173048212,1.3956257395846086,1.294198960116869,1.0988694917549642,1.1839082571054211,1.0372980988190437,1.0208396986777644,0.9318023161297109,0.9507077892287391,0.9291162462834266,0.9735653780442416,0.9554961058013851,0.9816825870603971,0.8847360912981455,0.9800719082518169,0.9454394478991752,0.9544161431478844,0.9219555819485831,0.9385004450346844,0.9155953986077804,0.9266284319539813,0.9226759546766901,0.9391783001611577,0.9105036264122323,17484.0,25847.0,54803.0,49984.0,63497.0,58291.0,61996.0,48478.0,37458.0,15331.0,30037.0,7043.0,3956.0,-14263.0,-10422.0,-15687.0,-5895.0,-10314.0,-4259.0,-29896.0,-5199.0,-14784.0,-12386.0,-22079.0,-17412.0,-24602.0,-21403.0,-22711.0,-17889.0,-27258.0,25000,24900,24500,25050,25100,25000,25020.55,25057.377007782976
2024-08-01 11:11:19,1.3784087957752575,1.3910346601310155,1.8036573205068043,1.555297568129048,1.6813275247864716,1.5648626386937352,1.5749047173048212,1.3956257395846086,1.294198960116869,1.0988694917549642,1.1839082571054211,1.0372980988190437,1.0208396986777644,0.9318023161297109,0.9507077892287391,0.9291162462834266,0.9735653780442416,0.9554961058013851,0.9816825870603971,0.8847360912981455,0.9800719082518169,0.9454394478991752,0.9544161431478844,0.9219555819485831,0.9385004450346844,0.9155953986077804,0.9266284319539813,0.9226759546766901,0.9391783001611577,0.9105036264122323,17484.0,25847.0,54803.0,49984.0,63497.0,58291.0,61996.0,48478.0,37458.0,15331.0,30037.0,7043.0,3956.0,-14263.0,-10422.0,-15687.0,-5895.0,-10314.0,-4259.0,-29896.0,-5199.0,-14784.0,-12386.0,-22079.0,-17412.0,-24602.0,-21403.0,-22711.0,-17889.0,-27258.0,25000,24900,24500,25050,25100,25000,25018.9,25057.241468613935
2024-08-01 11:11:50,1.3784087957752575,1.3910346601310155,1.8036573205068043,1.555297568129048,1.6813275247864716,1.5648626386937352,1.5749510835798473,1.3956665442526626,1.294238230627857,1.0989017367134648,1.183938870724808,1.0373245776624478,1.0208660380340304,0.9318262233315164,0.950722444250006,0.9291304426410252,0.9735790677339073,0.9555094344507393,0.9816914250324712,0.8847451353841764,0.9801286425072256,0.9454927940063849,0.9544696715971867,0.9220270561661122,0.9385724478478634,0.9155178920643634,0.9266116065153369,0.9226588941931179,0.9391754961032602,0.9065686700821615,17484.0,25847.0,54803.0,49984.0,63497.0,58291.0,62001.0,48483.0,37463.0,15336.0,30042.0,7048.0,3961.0,-14258.0,-10419.0,-15684.0,-5892.0,-10311.0,-4257.0,-29894.0,-5184.0,-14769.0,-12371.0,-22058.0,-17391.0,-24624.0,-21406.0,-22714.0,-17888.0,-28577.0,25000,24900,24500,25050,25100,25000,25023.55,25057.197769474828
2024-08-01 11:12:21,1.3784087957752575,1.3910346601310155,1.8036573205068043,1.555297568129048,1.6813275247864716,1.5648626386937352,1.5749510835798473,1.3956665442526626,1.294238230627857,1.0989017367134648,1.183938870724808,1.0373245776624478,1.0208660380340304,0.9318262233315164,0.950722444250006,0.9291304426410252,0.9735790677339073,0.9555094344507393,0.9816914250324712,0.8847451353841764,0.9801286425072256,0.9454927940063849,0.9544696715971867,0.9220270561661122,0.9385724478478634,0.9155178920643634,0.9266116065153369,0.9226588941931179,0.9391754961032602,0.9065686700821615,17484.0,25847.0,54803.0,49984.0,63497.0,58291.0,62001.0,48483.0,37463.0,15336.0,30042.0,7048.0,3961.0,-14258.0,-10419.0,-15684.0,-5892.0,-10311.0,-4257.0,-29894.0,-5184.0,-14769.0,-12371.0,-22058.0,-17391.0,-24624.0,-21406.0,-22714.0,-17888.0,-28577.0,25000,24900,24500,25050,25100,25000,25027.3,25057.535391732683
2024-08-01 11:12:52,1.3291707357616307,1.355502631501573,1.7578692148612993,1.525811434041072,1.6505925279439753,1.5322293885116605,1.5391772860185553,1.3718187757964015,1.2747717008763926,1.082161161551926,1.1661070712511596,1.0248063062127413,1.0086789411691774,0.922309802521561,0.9409788220860036,0.9201732948233726,0.9650623823027427,0.9474877893395626,0.9732861430863607,0.8777386957578704,0.9730821961785556,0.9394242594034478,0.9482910014513788,0.9165539221155992,0.9328792181320883,0.9103634153526311,0.9212751344054189,0.9174099191439882,0.9375813834856966,0.9054716250242107,15842.0,24182.0,53138.0,48341.0,61872.0,56279.0,59743.0,46664.0,35836.0,13049.0,27754.0,4777.0,1680.0,-16539.0,-12700.0,-17965.0,-7922.0,-12364.0,-6310.0,-32187.0,-7127.0,-16649.0,-14251.0,-23931.0,-19264.0,-26473.0,-23268.0,-24576.0,-18599.0,-29283.0,25000,24900,24500,25050,25100,25000,25028.85,25057.618654819227
2024-08-01 11:13:23,1.3291707357616307,1.355502631501573,1.7578692148612993,1.525811434041072,1.6505925279439753,1.5322293885116605,1.5391772860185553,1.3718187757964015,1.2747717008763926,1.082161161551926,1.1661070712511596,1.0248063062127413,1.0086789411691774,0.922309802521561,0.9409788220860036,0.9201732948233726,0.9650623823027427,0.9474877893395626,0.9732861430863607,0.8777386957578704,0.9730821961785556,0.9394242594034478,0.9482910014513788,0.9165539221155992,0.9328792181320883,0.9103634153526311,0.9212751344054189,0.9174099191439882,0.9375813834856966,0.9054716250242107,15842.0,24182.0,53138.0,48341.0,61872.0,56279.0,59743.0,46664.0,35836.0,13049.0,27754.0,4777.0,1680.0,-16539.0,-12700.0,-17965.0,-7922.0,-12364.0,-6310.0,-32187.0,-7127.0,-16649.0,-14251.0,-23931.0,-19264.0,-26473.0,-23268.0,-24576.0,-18599.0,-29283.0,25000,24900,24500,25050,25100,25000,25032.1,25057.907446026038
2024-08-01 11:13:54,1.3237521728333748,1.3392245632364037,1.737089267888025,1.5101034516097844,1.6330425923423189,1.518473794078276,1.5273963411906786,1.358676630563307,1.261692160756788,1.0733688025098704,1.1584355791821914,1.0192387971242303,1.0045847066917208,0.9179668920494287,0.9359131613652922,0.9160294227960482,0.9606771346604472,0.9433798276924116,0.9690134091559129,0.8744585638488699,0.9688832502552399,0.9356160618051085,0.9443831248467011,0.9112556884051701,0.9279968459713509,0.9057804400879369,0.9153151579484836,0.9118641578460727,0.9319634231309026,0.9002723082696397,15645.0,23378.0,52424.0,47484.0,60893.0,55387.0,58955.0,45501.0,34524.0,11763.0,26704.0,3733.0,893.0,-17592.0,-13898.0,-19030.0,-8978.0,-13420.0,-7367.0,-33244.0,-8290.0,-17801.0,-15419.0,-25644.0,-20820.0,-28029.0,-25210.0,-26404.0,-20409.0,-31093.0,25000,24900,24500,25050,25100,25000,25035.6,25057.695634268737
2024-08-01 11:14:26,1.3237521728333748,1.3392245632364037,1.737089267888025,1.5101034516097844,1.6330425923423189,1.518473794078276,1.5273963411906786,1.358676630563307,1.261692160756788,1.0733688025098704,1.1584355791821914,1.0192387971242303,1.0045847066917208,0.9179668920494287,0.9359131613652922,0.9160294227960482,0.9606771346604472,0.9433798276924116,0.9690134091559129,0.8744585638488699,0.9688832502552399,0.9356160618051085,0.9443831248467011,0.9112556884051701,0.9279968459713509,0.9057804400879369,0.9153151579484836,0.9118641578460727,0.9319634231309026,0.9002723082696397,15645.0,23378.0,52424.0,47484.0,60893.0,55387.0,58955.0,45501.0,34524.0,11763.0,26704.0,3733.0,893.0,-17592.0,-13898.0,-19030.0,-8978.0,-13420.0,-7367.0,-33244.0,-8290.0,-17801.0,-15419.0,-25644.0,-20820.0,-28029.0,-25210.0,-26404.0,-20409.0,-31093.0,25000,24900,24500,25050,25100,25000,25035.6,25056.58135622344
2024-08-01 11:14:57,1.3075303113946308,1.318286359156036,1.7034952688350022,1.4811227286141913,1.5996026490066224,1.4872952771772983,1.4911331556177074,1.3285394818013572,1.2382449801883777,1.0516425330247159,1.1358925924849612,1.0010973395836178,0.9862783914889759,0.8960080784556321,0.9138208531146598,0.8954441138605548,0.9402863212971235,0.9242415498763397,0.9496891781401636,0.857825196489438,0.9509355921743794,0.9187377144982203,0.9262789038269974,0.8950205722200345,0.9108097013532906,0.8888863237602733,0.8979628830099631,0.8949670696942889,0.9143991282180503,0.8856385245513518,15041.0,22281.0,51002.0,45647.0,58851.0,53199.0,56193.0,42605.0,32048.0,8456.0,23381.0,217.0,-2724.0,-22862.0,-19169.0,-24283.0,-13969.0,-18379.0,-12245.0,-38458.0,-13357.0,-22944.0,-20870.0,-30924.0,-26290.0,-33691.0,-30960.0,-32055.0,-26158.0,-36228.0,25000,24900,24500,25050,25100,25000,25035.85,25055.9367719047
2024-08-01 11:15:28,1.3075303113946308,1.318286359156036,1.7034952688350022,1.4811227286141913,1.5996026490066224,1.4872952771772983,1.4911331556177074,1.3285394818013572,1.2382449801883777,1.0516425330247159,1.1358925924849612,1.0010973395836178,0.9862783914889759,0.8960080784556321,0.9138208531146598,0.8954441138605548,0.9402863212971235,0.9242415498763397,0.9496891781401636,0.857825196489438,0.9509355921743794,0.9187377144982203,0.9262789038269974,0.8950205722200345,0.9108097013532906,0.8888863237602733,0.8979628830099631,0.8949670696942889,0.9143991282180503,0.8856385245513518,15041.0,22281.0,51002.0,45647.0,58851.0,53199.0,56193.0,42605.0,32048.0,8456.0,23381.0,217.0,-2724.0,-22862.0,-19169.0,-24283.0,-13969.0,-18379.0,-12245.0,-38458.0,-13357.0,-22944.0,-20870.0,-30924.0,-26290.0,-33691.0,-30960.0,-32055.0,-26158.0,-36228.0,25000,24900,24500,25050,25100,25000,25035.85,25055.9367719047
2024-08-01 11:15:59,1.3075303113946308,1.318286359156036,1.7034952688350022,1.4811227286141913,1.5996026490066224,1.4872952771772983,1.4911331556177074,1.3285394818013572,1.2382449801883777,1.0516425330247159,1.1358925924849612,1.0010973395836178,0.9862783914889759,0.8960080784556321,0.9138208531146598,0.8954441138605548,0.9402863212971235,0.9242415498763397,0.9496891781401636,0.857825196489438,0.9509355921743794,0.9187377144982203,0.9262789038269974,0.8950205722200345,0.9108097013532906,0.8888863237602733,0.8979628830099631,0.8949670696942889,0.9143991282180503,0.8856385245513518,15041.0,22281.0,51002.0,45647.0,58851.0,53199.0,56193.0,42605.0,32048.0,8456.0,23381.0,217.0,-2724.0,-22862.0,-19169.0,-24283.0,-13969.0,-18379.0,-12245.0,-38458.0,-13357.0,-22944.0,-20870.0,-30924.0,-26290.0,-33691.0,-30960.0,-32055.0,-26158.0,-36228.0,25000,24900,24500,25050,25100,25000,25030.0,25055.569055251293
2024-08-01 11:16:30,1.3075303113946308,1.318286359156036,1.7034952688350022,1.4811227286141913,1.5996026490066224,1.4872952771772983,1.4911331556177074,1.3285394818013572,1.2382449801883777,1.0516425330247159,1.1358925924849612,1.0010973395836178,0.9862783914889759,0.8960080784556321,0.9138208531146598,0.8954441138605548,0.9402863212971235,0.9242415498763397,0.9496891781401636,0.857825196489438,0.9509355921743794,0.9187377144982203,0.9262789038269974,0.8950205722200345,0.9108097013532906,0.8888863237602733,0.8979628830099631,0.8949670696942889,0.9143991282180503,0.8856385245513518,15041.0,22281.0,51002.0,45647.0,58851.0,53199.0,56193.0,42605.0,32048.0,8456.0,23381.0,217.0,-2724.0,-22862.0,-19169.0,-24283.0,-13969.0,-18379.0,-12245.0,-38458.0,-13357.0,-22944.0,-20870.0,-30924.0,-26290.0,-33691.0,-30960.0,-32055.0,-26158.0,-36228.0,25000,24900,24500,25050,25100,25000,25030.0,25055.569055251293
2024-08-01 11:17:01,1.3075303113946308,1.318286359156036,1.7034952688350022,1.4811227286141913,1.5996026490066224,1.4872952771772983,1.4911331556177074,1.3285394818013572,1.2382449801883777,1.0516425330247159,1.1358925924849612,1.001102402022756,0.9862833596953425,0.8960121541281733,0.9138208531146598,0.8954441138605548,0.9402863212971235,0.9242415498763397,0.9496891781401636,0.857825196489438,0.9509355921743794,0.9187377144982203,0.9262789038269974,0.8950205722200345,0.9107602644693144,0.8888394211616342,0.897915533804604,0.8949201522905841,0.9143512534481687,0.8855937954741304,15041.0,22281.0,51002.0,45647.0,58851.0,53199.0,56193.0,42605.0,32048.0,8456.0,23381.0,218.0,-2723.0,-22861.0,-19169.0,-24283.0,-13969.0,-18379.0,-12245.0,-38458.0,-13357.0,-22944.0,-20870.0,-30924.0,-26306.0,-33707.0,-30976.0,-32071.0,-26174.0,-36244.0,25000,24900,24500,25050,25100,25000,25024.8,25055.364930684733
2024-08-01 11:17:32,1.3075303113946308,1.318286359156036,1.7034952688350022,1.4811227286141913,1.5996026490066224,1.4872952771772983,1.4911331556177074,1.3285394818013572,1.2382449801883777,1.0516425330247159,1.1358925924849612,1.001102402022756,0.9862833596953425,0.8960121541281733,0.9138208531146598,0.8954441138605548,0.9402863212971235,0.9242415498763397,0.9496891781401636,0.857825196489438,0.9509355921743794,0.9187377144982203,0.9262789038269974,0.8950205722200345,0.9107602644693144,0.8888394211616342,0.897915533804604,0.8949201522905841,0.9143512534481687,0.8855937954741304,15041.0,22281.0,51002.0,45647.0,58851.0,53199.0,56193.0,42605.0,32048.0,8456.0,23381.0,218.0,-2723.0,-22861.0,-19169.0,-24283.0,-13969.0,-18379.0,-12245.0,-38458.0,-13357.0,-22944.0,-20870.0,-30924.0,-26306.0,-33707.0,-30976.0,-32071.0,-26174.0,-36244.0,25000,24900,24500,25050,25100,25000,25025.5,25056.037898628845
2024-08-01 11:18:03,1.3075303113946308,1.318286359156036,1.7034952688350022,1.4811227286141913,1.5996026490066224,1.4872952771772983,1.4911331556177074,1.3285394818013572,1.2382449801883777,1.0516425330247159,1.1358925924849612,1.001102402022756,0.9862833596953425,0.8960121541281733,0.9138208531146598,0.8954441138605548,0.9402863212971235,0.9242415498763397,0.9496891781401636,0.857825196489438,0.9509355921743794,0.9187377144982203,0.9262789038269974,0.8950205722200345,0.9107602644693144,0.8888394211616342,0.897915533804604,0.8949201522905841,0.9143512534481687,0.8855937954741304,15041.0,22281.0,51002.0,45647.0,58851.0,53199.0,56193.0,42605.0,32048.0,8456.0,23381.0,218.0,-2723.0,-22861.0,-19169.0,-24283.0,-13969.0,-18379.0,-12245.0,-38458.0,-13357.0,-22944.0,-20870.0,-30924.0,-26306.0,-33707.0,-30976.0,-32071.0,-26174.0,-36244.0,25000,24900,24500,25050,25100,25000,25026.6,25056.037898628845
2024-08-01 11:18:34,1.3075303113946308,1.318286359156036,1.7034952688350022,1.4811227286141913,1.5996026490066224,1.4872952771772983,1.4911331556177074,1.3285394818013572,1.2382449801883777,1.0516425330247159,1.1358925924849612,1.001102402022756,0.9862833596953425,0.8960121541281733,0.9138208531146598,0.8954441138605548,0.9402863212971235,0.9242415498763397,0.9496891781401636,0.857825196489438,0.9509355921743794,0.9187377144982203,0.9262789038269974,0.8950205722200345,0.9107602644693144,0.8888394211616342,0.897915533804604,0.8949201522905841,0.9143512534481687,0.8855937954741304,15041.0,22281.0,51002.0,45647.0,58851.0,53199.0,56193.0,42605.0,32048.0,8456.0,23381.0,218.0,-2723.0,-22861.0,-19169.0,-24283.0,-13969.0,-18379.0,-12245.0,-38458.0,-13357.0,-22944.0,-20870.0,-30924.0,-26306.0,-33707.0,-30976.0,-32071.0,-26174.0,-36244.0,25000,24900,24500,25050,25100,25000,25028.9,25056.52867957666
2024-08-01 11:19:04,1.3256660328364922,1.3309572446895133,1.7097732367056753,1.4864401610986677,1.6044769291762817,1.4919053321510518,1.4955249659792735,1.332691819154587,1.2437657711147394,1.0564331194652485,1.1403429340948932,1.0040005455289358,0.9891869317352735,0.8987258367944162,0.9164851451797624,0.8980135242093672,0.942794547224927,0.927321546970427,0.9527359303805263,0.8606425064919234,0.9536587424804648,0.9213888338382266,0.9289170787492456,0.8975796740107532,0.9133056725039153,0.8913300664687215,0.9003978159640121,0.8965820631909466,0.9159771470383594,0.8872106764145147,15928.0,23168.0,51614.0,46259.0,59463.0,53811.0,56805.0,43217.0,32845.0,9253.0,24178.0,792.0,-2149.0,-22287.0,-18595.0,-23709.0,-13395.0,-17648.0,-11514.0,-37727.0,-12626.0,-22213.0,-20139.0,-30193.0,-25575.0,-32976.0,-30245.0,-31619.0,-25722.0,-35792.0,25000,24900,24500,25050,25100,25000,25027.4,25056.78073210743
2024-08-01 11:19:35,1.3159283016605718,1.321882293748515,1.6905081830641477,1.4774414796659217,1.5991126177775563,1.4898824246334732,1.495924308588064,1.33895902043292,1.2465860234642572,1.046152298442456,1.1267228501367006,0.9936601236521619,0.9778995791328179,0.8915990241738745,0.9155390152063088,0.8914912800647838,0.9350869485934055,0.9195393569224374,0.943717094906162,0.8417061141540063,0.9303122646754545,0.8987739011249983,0.9027329503548979,0.871764625598331,0.8892082452396959,0.8684188076046877,0.8768954824204072,0.8733890499316092,0.8920372116924176,0.8626908287506263,15810.0,23031.0,51389.0,46361.0,60088.0,54665.0,57919.0,44707.0,33839.0,7799.0,22480.0,-1290.0,-4516.0,-24439.0,-19268.0,-25995.0,-15663.0,-20129.0,-14122.0,-44709.0,-19804.0,-29837.0,-28750.0,-39462.0,-34114.0,-41644.0,-38984.0,-40358.0,-34456.0,-45493.0,25000,24900,25050,25050,25100,25000,25025.95,25056.692441274325
2024-08-01 11:20:06,1.3159283016605718,1.321882293748515,1.6905081830641477,1.4774414796659217,1.5991126177775563,1.4898824246334732,1.495924308588064,1.33895902043292,1.2465860234642572,1.046152298442456,1.1267228501367006,0.9936601236521619,0.9778995791328179,0.8915990241738745,0.9155390152063088,0.8914912800647838,0.9350869485934055,0.9195393569224374,0.943717094906162,0.8417061141540063,0.9303122646754545,0.8987739011249983,0.9027329503548979,0.871764625598331,0.8892082452396959,0.8684188076046877,0.8768954824204072,0.8733890499316092,0.8920372116924176,0.8626908287506263,15810.0,23031.0,51389.0,46361.0,60088.0,54665.0,57919.0,44707.0,33839.0,7799.0,22480.0,-1290.0,-4516.0,-24439.0,-19268.0,-25995.0,-15663.0,-20129.0,-14122.0,-44709.0,-19804.0,-29837.0,-28750.0,-39462.0,-34114.0,-41644.0,-38984.0,-40358.0,-34456.0,-45493.0,25000,24900,25050,25050,25100,25000,25019.9,25056.836951479887
2024-08-01 11:20:37,1.3016863473006595,1.3065486872256427,1.6714875758662364,1.464869664618588,1.5915587624789957,1.4839369392600232,1.490196744996388,1.362069744671236,1.269389232830093,1.0653542055469536,1.1353944562899787,1.002978052625197,0.9887848300578146,0.9001315841242225,0.9231167866504865,0.895236612064408,0.9379000785405298,0.9225255583964683,0.9446802844700648,0.8441425802763486,0.9313706807842757,0.9002630373967654,0.903782760425173,0.8717954458232058,0.8889631144921051,0.8685003017689259,0.8768464941872938,0.8733939852643611,0.8918894731644694,0.8628145425565448,15278.0,22207.0,50561.0,45547.0,59848.0,54425.0,57679.0,48072.0,37204.0,11101.0,24384.0,614.0,-2322.0,-22845.0,-17803.0,-25563.0,-15260.0,-19726.0,-14126.0,-44713.0,-19808.0,-29841.0,-28867.0,-40087.0,-34739.0,-42269.0,-39609.0,-40983.0,-35033.0,-46133.0,25000,24900,25050,25050,25100,25000,25021.9,25056.566903132058
2024-08-01 11:21:08,1.3159283016605718,1.321882293748515,1.6905081830641477,1.4774414796659217,1.5991126177775563,1.4898824246334732,1.495924308588064,1.33895902043292,1.2465860234642572,1.046152298442456,1.1267228501367006,0.9936601236521619,0.9778995791328179,0.8915990241738745,0.9155390152063088,0.8914912800647838,0.9350869485934055,0.9195393569224374,0.943717094906162,0.8417061141540063,0.9303122646754545,0.8987739011249983,0.9027329503548979,0.871764625598331,0.8892082452396959,0.8684188076046877,0.8768954824204072,0.8733890499316092,0.8920372116924176,0.8626908287506263,15810.0,23031.0,51389.0,46361.0,60088.0,54665.0,57919.0,44707.0,33839.0,7799.0,22480.0,-1290.0,-4516.0,-24439.0,-19268.0,-25995.0,-15663.0,-20129.0,-14122.0,-44709.0,-19804.0,-29837.0,-28750.0,-39462.0,-34114.0,-41644.0,-38984.0,-40358.0,-34456.0,-45493.0,25000,24900,25050,25050,25100,25000,25021.15,25056.81881524378
2024-08-01 11:21:40,1.323063209704298,1.3183287165281625,1.6801117741535327,1.4668410817746236,1.5902475939149332,1.4963806759568479,1.500864654430623,1.3735283862879355,1.254295868564925,1.0582074038538418,1.1266017426960533,1.0002223957224312,0.9865715187994023,0.9000346344779815,0.9225913579151509,0.8953104240006101,0.9371026059086397,0.9216659548188251,0.9433386024954342,0.8392426873655484,0.9246501760099457,0.8945993201850245,0.8980908505280418,0.866906441099546,0.8839072557965127,0.8637149343574824,0.8719952306938915,0.8686236402489338,0.8866887685163378,0.858185704135947,16672.0,23443.0,52085.0,46573.0,60838.0,56779.0,59954.0,50352.0,36420.0,10192.0,23465.0,47.0,-2849.0,-23379.0,-18321.0,-26081.0,-15778.0,-20358.0,-14768.0,-47303.0,-22304.0,-32311.0,-31323.0,-42593.0,-37152.0,-44783.0,-42084.0,-43466.0,-37528.0,-48703.0,25000,24900,25050,25050,25100,25000,25021.05,25056.478017609512
2024-08-01 11:22:12,1.323063209704298,1.3183287165281625,1.6801117741535327,1.4668410817746236,1.5902475939149332,1.4963806759568479,1.500864654430623,1.3735283862879355,1.254295868564925,1.0582074038538418,1.1266017426960533,1.0002223957224312,0.9865715187994023,0.9000346344779815,0.9225913579151509,0.8953104240006101,0.9371026059086397,0.9216659548188251,0.9433386024954342,0.8392426873655484,0.9246501760099457,0.8945993201850245,0.8980908505280418,0.866906441099546,0.8839072557965127,0.8637149343574824,0.8719952306938915,0.8686236402489338,0.8866887685163378,0.858185704135947,16672.0,23443.0,52085.0,46573.0,60838.0,56779.0,59954.0,50352.0,36420.0,10192.0,23465.0,47.0,-2849.0,-23379.0,-18321.0,-26081.0,-15778.0,-20358.0,-14768.0,-47303.0,-22304.0,-32311.0,-31323.0,-42593.0,-37152.0,-44783.0,-42084.0,-43466.0,-37528.0,-48703.0,25000,24900,25050,25050,25100,25000,25021.3,25056.32272909918
2024-08-01 11:22:46,1.323063209704298,1.3183287165281625,1.6801117741535327,1.4668410817746236,1.5902475939149332,1.4963806759568479,1.500864654430623,1.3735283862879355,1.254295868564925,1.0582074038538418,1.1266017426960533,1.0002223957224312,0.9865715187994023,0.9000346344779815,0.9225913579151509,0.8953104240006101,0.937061515402768,0.9216269459557211,0.9432987910852609,0.8392113150865556,0.9246158159835415,0.8954185898585945,0.8989078416126335,0.8676921827055876,0.8846924204217717,0.8640858501212134,0.8723619007083574,0.8689896438799802,0.8870456157293537,0.8585432013248386,16672.0,23443.0,52085.0,46573.0,60838.0,56779.0,59954.0,50352.0,36420.0,10192.0,23465.0,47.0,-2849.0,-23379.0,-18321.0,-26081.0,-15789.0,-20369.0,-14779.0,-47314.0,-22315.0,-32061.0,-31073.0,-42343.0,-36902.0,-44683.0,-41984.0,-43366.0,-37428.0,-48603.0,25000,24900,25050,25050,25100,25000,25021.45,25055.97932082017
2024-08-01 11:23:17,1.323063209704298,1.3183287165281625,1.6801117741535327,1.4668410817746236,1.5902475939149332,1.4963806759568479,1.500864654430623,1.3735283862879355,1.254295868564925,1.0582074038538418,1.1266017426960533,1.0002223957224312,0.9865715187994023,0.9000346344779815,0.9225913579151509,0.8953104240006101,0.937061515402768,0.9216269459557211,0.9432987910852609,0.8392113150865556,0.9246158159835415,0.8954185898585945,0.8989078416126335,0.8676921827055876,0.8846924204217717,0.8640858501212134,0.8723619007083574,0.8689896438799802,0.8870456157293537,0.8585432013248386,16672.0,23443.0,52085.0,46573.0,60838.0,56779.0,59954.0,50352.0,36420.0,10192.0,23465.0,47.0,-2849.0,-23379.0,-18321.0,-26081.0,-15789.0,-20369.0,-14779.0,-47314.0,-22315.0,-32061.0,-31073.0,-42343.0,-36902.0,-44683.0,-41984.0,-43366.0,-37428.0,-48603.0,25000,24900,25050,25050,25100,25000,25021.05,25055.841014542286
2024-08-01 11:23:48,1.323063209704298,1.3183287165281625,1.6801117741535327,1.4668410817746236,1.5902475939149332,1.4963806759568479,1.500864654430623,1.3735283862879355,1.254295868564925,1.0582074038538418,1.1266017426960533,1.0002223957224312,0.9865715187994023,0.9000346344779815,0.9225913579151509,0.8953104240006101,0.937061515402768,0.9216269459557211,0.9432987910852609,0.8392113150865556,0.9246158159835415,0.8954185898585945,0.8989078416126335,0.8676921827055876,0.8846924204217717,0.8640858501212134,0.8723619007083574,0.8689896438799802,0.8870456157293537,0.8585432013248386,16672.0,23443.0,52085.0,46573.0,60838.0,56779.0,59954.0,50352.0,36420.0,10192.0,23465.0,47.0,-2849.0,-23379.0,-18321.0,-26081.0,-15789.0,-20369.0,-14779.0,-47314.0,-22315.0,-32061.0,-31073.0,-42343.0,-36902.0,-44683.0,-41984.0,-43366.0,-37428.0,-48603.0,25000,24900,25050,25050,25100,25000,25019.25,25055.46606586822
2024-08-01 11:24:19,1.323063209704298,1.3183287165281625,1.6801117741535327,1.4668410817746236,1.5902475939149332,1.4963806759568479,1.500864654430623,1.3735283862879355,1.254295868564925,1.0582074038538418,1.1266017426960533,1.0002223957224312,0.9863669564807616,0.899865335698865,0.9224198747058798,0.8951523251100649,0.9368971894080699,0.9214709435181694,0.9431395790418542,0.8390858494220301,0.9244784014105202,0.8952900925934986,0.8987791826736973,0.8675729041046245,0.8845708037178787,0.8639702192498243,0.8722346175124173,0.8688872711455334,0.8869412240414732,0.8584457611137626,16672.0,23443.0,52085.0,46573.0,60838.0,56779.0,59954.0,50352.0,36420.0,10192.0,23465.0,47.0,-2893.0,-23423.0,-18365.0,-26125.0,-15833.0,-20413.0,-14823.0,-47358.0,-22359.0,-32105.0,-31117.0,-42387.0,-36946.0,-44727.0,-42032.0,-43405.0,-37467.0,-48642.0,25000,24900,25050,25050,25100,25000,25019.85,25055.48960957146
2024-08-01 11:24:51,1.323063209704298,1.3183287165281625,1.6801117741535327,1.4668410817746236,1.5902475939149332,1.4963806759568479,1.500864654430623,1.3735283862879355,1.254295868564925,1.0582074038538418,1.1266017426960533,1.0002223957224312,0.9863669564807616,0.899865335698865,0.9224198747058798,0.8951523251100649,0.9368971894080699,0.9214709435181694,0.9431395790418542,0.8390858494220301,0.9244784014105202,0.8952900925934986,0.8987791826736973,0.8675729041046245,0.8845708037178787,0.8639702192498243,0.8722346175124173,0.8688872711455334,0.8869412240414732,0.8584457611137626,16672.0,23443.0,52085.0,46573.0,60838.0,56779.0,59954.0,50352.0,36420.0,10192.0,23465.0,47.0,-2893.0,-23423.0,-18365.0,-26125.0,-15833.0,-20413.0,-14823.0,-47358.0,-22359.0,-32105.0,-31117.0,-42387.0,-36946.0,-44727.0,-42032.0,-43405.0,-37467.0,-48642.0,25000,24900,25050,25050,25100,25000,25020.3,25055.667793602013
2024-08-01 11:25:22,1.32642457021441,1.3103489932885906,1.666284122706348,1.457192120179159,1.582903364763318,1.4945459574394524,1.4963284076580103,1.3760784083572979,1.2524569644367722,1.058405722757431,1.1242070223389717,0.9984789810105912,0.9848448255041662,0.8979913252200278,0.920318890872248,0.8926749263935819,0.9338664929581334,0.9184184506514023,0.9378772882841363,0.8329286255857685,0.917736798934683,0.8858420344465006,0.8889933878711751,0.8586902234029189,0.875366519497152,0.855132171272251,0.8643286501443121,0.8612098167581937,0.8791408227613874,0.8484453340090481,16899.0,23121.0,51671.0,46138.0,60893.0,57216.0,60223.0,51264.0,36708.0,10361.0,23358.0,-326.0,-3263.0,-24224.0,-19150.0,-27157.0,-16853.0,-21535.0,-16445.0,-50020.0,-24772.0,-35719.0,-34819.0,-46118.0,-40678.0,-48561.0,-45502.0,-46831.0,-40822.0,-53231.0,25000,25050,24900,25050,25100,25000,25021.3,25055.667793602013
2024-08-01 11:25:53,1.32642457021441,1.3103489932885906,1.666284122706348,1.457192120179159,1.582903364763318,1.4945459574394524,1.4963284076580103,1.3760784083572979,1.2524569644367722,1.058405722757431,1.1242070223389717,0.9984789810105912,0.9848448255041662,0.8979913252200278,0.920318890872248,0.8926749263935819,0.9338664929581334,0.9184184506514023,0.9378772882841363,0.8329286255857685,0.917736798934683,0.8858420344465006,0.8889933878711751,0.8586902234029189,0.875366519497152,0.855132171272251,0.8643286501443121,0.8612098167581937,0.8791408227613874,0.8484453340090481,16899.0,23121.0,51671.0,46138.0,60893.0,57216.0,60223.0,51264.0,36708.0,10361.0,23358.0,-326.0,-3263.0,-24224.0,-19150.0,-27157.0,-16853.0,-21535.0,-16445.0,-50020.0,-24772.0,-35719.0,-34819.0,-46118.0,-40678.0,-48561.0,-45502.0,-46831.0,-40822.0,-53231.0,25000,25050,24900,25050,25100,25000,25019.85,25055.430118208664
2024-08-01 11:26:24,1.32642457021441,1.3103489932885906,1.666284122706348,1.457192120179159,1.582903364763318,1.4945459574394524,1.4963284076580103,1.3760784083572979,1.2524569644367722,1.058405722757431,1.1242070223389717,0.9984789810105912,0.9848448255041662,0.8979913252200278,0.920318890872248,0.8926749263935819,0.9338664929581334,0.9184184506514023,0.9378772882841363,0.8329286255857685,0.917736798934683,0.8858420344465006,0.8889933878711751,0.8586902234029189,0.875366519497152,0.855132171272251,0.8643286501443121,0.8612098167581937,0.8791408227613874,0.8484453340090481,16899.0,23121.0,51671.0,46138.0,60893.0,57216.0,60223.0,51264.0,36708.0,10361.0,23358.0,-326.0,-3263.0,-24224.0,-19150.0,-27157.0,-16853.0,-21535.0,-16445.0,-50020.0,-24772.0,-35719.0,-34819.0,-46118.0,-40678.0,-48561.0,-45502.0,-46831.0,-40822.0,-53231.0,25000,25050,24900,25050,25100,25000,25020.95,25055.33848785547
2024-08-01 11:26:55,1.32642457021441,1.3103489932885906,1.666284122706348,1.457192120179159,1.582903364763318,1.4945459574394524,1.4963284076580103,1.3760784083572979,1.2524569644367722,1.058405722757431,1.1242070223389717,0.9984789810105912,0.9848448255041662,0.8979913252200278,0.920318890872248,0.8926749263935819,0.9338664929581334,0.9184184506514023,0.9378772882841363,0.8329286255857685,0.917736798934683,0.8858420344465006,0.8889933878711751,0.8586902234029189,0.875366519497152,0.855132171272251,0.8643286501443121,0.8612098167581937,0.8791408227613874,0.8484453340090481,16899.0,23121.0,51671.0,46138.0,60893.0,57216.0,60223.0,51264.0,36708.0,10361.0,23358.0,-326.0,-3263.0,-24224.0,-19150.0,-27157.0,-16853.0,-21535.0,-16445.0,-50020.0,-24772.0,-35719.0,-34819.0,-46118.0,-40678.0,-48561.0,-45502.0,-46831.0,-40822.0,-53231.0,25000,25050,24900,25050,25100,25000,25022.65,25054.702504267974
2024-08-01 11:27:26,1.3166253574833175,1.2880995789666978,1.6314123498970003,1.4364703709823208,1.5595128633352724,1.4806147457280958,1.4782749807294413,1.361025574301369,1.23844278943805,1.047484699374646,1.1084366286901766,0.9842363809663465,0.9729071133685977,0.8897351862108599,0.9091967356240803,0.8823206335232916,0.9241426511018224,0.9097009961811809,0.9290818455485679,0.823847605769041,0.9083519702855051,0.8766645359766485,0.8794494214024551,0.8497618695280578,0.8661989907622433,0.84648600313558,0.85555823415965,0.852535047036235,0.8702255309831399,0.839504267219726,16607.0,21965.0,50268.0,44908.0,59634.0,56478.0,58945.0,49945.0,35218.0,8550.0,20768.0,-3440.0,-5926.0,-26478.0,-22153.0,-30211.0,-19618.0,-24166.0,-19035.0,-53569.0,-28030.0,-39169.0,-38378.0,-49747.0,-44307.0,-52190.0,-49131.0,-50460.0,-44451.0,-57188.0,25000,24900,25050,25050,25100,25000,25021.65,25054.702504267974
2024-08-01 11:27:57,1.3166253574833175,1.2880995789666978,1.6314123498970003,1.4364703709823208,1.5595128633352724,1.4806147457280958,1.4782749807294413,1.361025574301369,1.23844278943805,1.047484699374646,1.1084366286901766,0.9842363809663465,0.9729071133685977,0.8897351862108599,0.9091967356240803,0.8823206335232916,0.9241426511018224,0.9097009961811809,0.9290818455485679,0.823847605769041,0.9083519702855051,0.8766645359766485,0.8794494214024551,0.8497618695280578,0.8661989907622433,0.84648600313558,0.85555823415965,0.852535047036235,0.8702255309831399,0.839504267219726,16607.0,21965.0,50268.0,44908.0,59634.0,56478.0,58945.0,49945.0,35218.0,8550.0,20768.0,-3440.0,-5926.0,-26478.0,-22153.0,-30211.0,-19618.0,-24166.0,-19035.0,-53569.0,-28030.0,-39169.0,-38378.0,-49747.0,-44307.0,-52190.0,-49131.0,-50460.0,-44451.0,-57188.0,25000,24900,25050,25050,25100,25000,25019.9,25054.787677682052
